value,total_removed,ground_removed,cone_removed,unassigned_removed
32.000000,0.416315,0.889571,0.014198,0.096231
32.223999,0.416315,0.889571,0.014198,0.096231
32.447998,0.416315,0.889571,0.014198,0.096231
32.671997,0.416315,0.889571,0.014198,0.096231
32.895996,0.416315,0.889571,0.014198,0.096231
33.119995,0.440787,0.897478,0.011602,0.090920
33.343994,0.440787,0.897478,0.011602,0.090920
33.567993,0.440787,0.897478,0.011602,0.090920
33.791992,0.440787,0.897478,0.011602,0.090920
34.015991,0.440737,0.896263,0.011582,0.092155
34.239990,0.440737,0.896263,0.011582,0.092155
34.463989,0.440737,0.896263,0.011582,0.092155
34.687988,0.440737,0.896263,0.011582,0.092155
34.911987,0.440737,0.896263,0.011582,0.092155
35.135986,0.436952,0.899743,0.011723,0.088534
35.359985,0.436952,0.899743,0.011723,0.088534
35.583984,0.436952,0.899743,0.011723,0.088534
35.807983,0.436952,0.899743,0.011723,0.088534
36.031982,0.433850,0.900155,0.011328,0.088517
36.255981,0.433850,0.900155,0.011328,0.088517
36.479980,0.433850,0.900155,0.011328,0.088517
36.703979,0.433850,0.900155,0.011328,0.088517
36.927979,0.433850,0.900155,0.011328,0.088517
37.151978,0.432994,0.902245,0.010820,0.086935
37.375977,0.432994,0.902245,0.010820,0.086935
37.599976,0.432994,0.902245,0.010820,0.086935
37.823975,0.432994,0.902245,0.010820,0.086935
38.047974,0.430797,0.902199,0.010565,0.087237
38.271973,0.430797,0.902199,0.010565,0.087237
38.495972,0.430797,0.902199,0.010565,0.087237
38.719971,0.430797,0.902199,0.010565,0.087237
38.943970,0.430797,0.902199,0.010565,0.087237
39.167969,0.429505,0.902257,0.010469,0.087273
39.391968,0.429505,0.902257,0.010469,0.087273
39.615967,0.429505,0.902257,0.010469,0.087273
39.839966,0.429505,0.902257,0.010469,0.087273
40.063965,0.427701,0.904748,0.010577,0.084675
40.287964,0.427701,0.904748,0.010577,0.084675
40.511963,0.427701,0.904748,0.010577,0.084675
40.735962,0.427701,0.904748,0.010577,0.084675
40.959961,0.427701,0.904748,0.010577,0.084675
41.183960,0.425496,0.907555,0.010594,0.081852
41.407959,0.425496,0.907555,0.010594,0.081852
41.631958,0.425496,0.907555,0.010594,0.081852
41.855957,0.425496,0.907555,0.010594,0.081852
42.079956,0.426647,0.907745,0.010430,0.081826
42.303955,0.426647,0.907745,0.010430,0.081826
42.527954,0.426647,0.907745,0.010430,0.081826
42.751953,0.426647,0.907745,0.010430,0.081826
42.975952,0.426647,0.907745,0.010430,0.081826
43.199951,0.427189,0.910097,0.010438,0.079466
43.423950,0.427189,0.910097,0.010438,0.079466
43.647949,0.427189,0.910097,0.010438,0.079466
43.871948,0.427189,0.910097,0.010438,0.079466
44.095947,0.428024,0.908988,0.010839,0.080173
44.319946,0.428024,0.908988,0.010839,0.080173
44.543945,0.428024,0.908988,0.010839,0.080173
44.767944,0.428024,0.908988,0.010839,0.080173
44.991943,0.428024,0.908988,0.010839,0.080173
45.215942,0.430818,0.906444,0.011570,0.081986
45.439941,0.430818,0.906444,0.011570,0.081986
45.663940,0.430818,0.906444,0.011570,0.081986
45.887939,0.430818,0.906444,0.011570,0.081986
46.111938,0.435015,0.903803,0.011808,0.084389
46.335938,0.435015,0.903803,0.011808,0.084389
46.559937,0.435015,0.903803,0.011808,0.084389
46.783936,0.435015,0.903803,0.011808,0.084389
47.007935,0.432969,0.904596,0.012354,0.083050
47.231934,0.432969,0.904596,0.012354,0.083050
47.455933,0.432969,0.904596,0.012354,0.083050
47.679932,0.432969,0.904596,0.012354,0.083050
47.903931,0.432969,0.904596,0.012354,0.083050
48.127930,0.427994,0.906978,0.012308,0.080714
48.351929,0.427994,0.906978,0.012308,0.080714
48.575928,0.427994,0.906978,0.012308,0.080714
48.799927,0.427994,0.906978,0.012308,0.080714
49.023926,0.429294,0.905346,0.012305,0.082349
49.247925,0.429294,0.905346,0.012305,0.082349
49.471924,0.429294,0.905346,0.012305,0.082349
49.695923,0.429294,0.905346,0.012305,0.082349
49.919922,0.429294,0.905346,0.012305,0.082349
50.143921,0.431318,0.901040,0.012001,0.086959
50.367920,0.431318,0.901040,0.012001,0.086959
50.591919,0.431318,0.901040,0.012001,0.086959
50.815918,0.431318,0.901040,0.012001,0.086959
51.039917,0.428373,0.900043,0.012126,0.087831
51.263916,0.428373,0.900043,0.012126,0.087831
51.487915,0.428373,0.900043,0.012126,0.087831
51.711914,0.428373,0.900043,0.012126,0.087831
51.935913,0.428373,0.900043,0.012126,0.087831
52.159912,0.429285,0.900287,0.011812,0.087901
52.383911,0.429285,0.900287,0.011812,0.087901
52.607910,0.429285,0.900287,0.011812,0.087901
52.831909,0.429285,0.900287,0.011812,0.087901
53.055908,0.427756,0.903453,0.011865,0.084682
53.279907,0.427756,0.903453,0.011865,0.084682
53.503906,0.427756,0.903453,0.011865,0.084682
53.727905,0.427756,0.903453,0.011865,0.084682
53.951904,0.427756,0.903453,0.011865,0.084682
54.175903,0.427721,0.902465,0.011942,0.085593
54.399902,0.427721,0.902465,0.011942,0.085593
54.623901,0.427721,0.902465,0.011942,0.085593
54.847900,0.427721,0.902465,0.011942,0.085593
55.071899,0.429381,0.901953,0.011963,0.086084
55.295898,0.429381,0.901953,0.011963,0.086084
55.519897,0.429381,0.901953,0.011963,0.086084
55.743896,0.429381,0.901953,0.011963,0.086084
55.967896,0.429381,0.901953,0.011963,0.086084
56.191895,0.428206,0.901855,0.011973,0.086171
56.415894,0.428206,0.901855,0.011973,0.086171
56.639893,0.428206,0.901855,0.011973,0.086171
56.863892,0.428206,0.901855,0.011973,0.086171
57.087891,0.429050,0.901728,0.012068,0.086204
57.311890,0.429050,0.901728,0.012068,0.086204
57.535889,0.429050,0.901728,0.012068,0.086204
57.759888,0.429050,0.901728,0.012068,0.086204
57.983887,0.429050,0.901728,0.012068,0.086204
58.207886,0.424920,0.901697,0.011633,0.086670
58.431885,0.424920,0.901697,0.011633,0.086670
58.655884,0.424920,0.901697,0.011633,0.086670
58.879883,0.424920,0.901697,0.011633,0.086670
59.103882,0.428388,0.900344,0.011931,0.087725
59.327881,0.428388,0.900344,0.011931,0.087725
59.551880,0.428388,0.900344,0.011931,0.087725
59.775879,0.428388,0.900344,0.011931,0.087725
59.999878,0.428388,0.900344,0.011931,0.087725
60.223877,0.428740,0.898996,0.012651,0.088353
60.447876,0.428740,0.898996,0.012651,0.088353
60.671875,0.428740,0.898996,0.012651,0.088353
60.895874,0.428740,0.898996,0.012651,0.088353
61.119873,0.430381,0.894751,0.013101,0.092148
61.343872,0.430381,0.894751,0.013101,0.092148
61.567871,0.430381,0.894751,0.013101,0.092148
61.791870,0.430381,0.894751,0.013101,0.092148
62.015869,0.431118,0.892719,0.013376,0.093906
62.239868,0.431118,0.892719,0.013376,0.093906
62.463867,0.431118,0.892719,0.013376,0.093906
62.687866,0.431118,0.892719,0.013376,0.093906
62.911865,0.431118,0.892719,0.013376,0.093906
63.135864,0.431830,0.891938,0.014217,0.093845
63.359863,0.431830,0.891938,0.014217,0.093845
63.583862,0.431830,0.891938,0.014217,0.093845
63.807861,0.431830,0.891938,0.014217,0.093845
64.031860,0.432631,0.891202,0.014958,0.093840
64.255859,0.432631,0.891202,0.014958,0.093840
64.479858,0.432631,0.891202,0.014958,0.093840
64.703857,0.432631,0.891202,0.014958,0.093840
64.927856,0.432631,0.891202,0.014958,0.093840
65.151855,0.426428,0.897819,0.014765,0.087416
65.375854,0.426428,0.897819,0.014765,0.087416
65.599854,0.426428,0.897819,0.014765,0.087416
65.823853,0.426428,0.897819,0.014765,0.087416
66.047852,0.426405,0.897793,0.014397,0.087810
66.271851,0.426405,0.897793,0.014397,0.087810
66.495850,0.426405,0.897793,0.014397,0.087810
66.719849,0.426405,0.897793,0.014397,0.087810
66.943848,0.426405,0.897793,0.014397,0.087810
67.167847,0.426668,0.897388,0.014661,0.087951
67.391846,0.426668,0.897388,0.014661,0.087951
67.615845,0.426668,0.897388,0.014661,0.087951
67.839844,0.426668,0.897388,0.014661,0.087951
68.063843,0.425153,0.897155,0.014952,0.087893
68.287842,0.425153,0.897155,0.014952,0.087893
68.511841,0.425153,0.897155,0.014952,0.087893
68.735840,0.425153,0.897155,0.014952,0.087893
68.959839,0.425153,0.897155,0.014952,0.087893
69.183838,0.423323,0.897835,0.014894,0.087271
69.407837,0.423323,0.897835,0.014894,0.087271
69.631836,0.423323,0.897835,0.014894,0.087271
69.855835,0.423323,0.897835,0.014894,0.087271
70.079834,0.422851,0.898076,0.015158,0.086766
70.303833,0.422851,0.898076,0.015158,0.086766
70.527832,0.422851,0.898076,0.015158,0.086766
70.751831,0.422851,0.898076,0.015158,0.086766
70.975830,0.422851,0.898076,0.015158,0.086766
71.199829,0.422919,0.897747,0.015139,0.087114
71.423828,0.422919,0.897747,0.015139,0.087114
71.647827,0.422919,0.897747,0.015139,0.087114
71.871826,0.422919,0.897747,0.015139,0.087114
72.095825,0.418584,0.902997,0.015380,0.081623
72.319824,0.418584,0.902997,0.015380,0.081623
72.543823,0.418584,0.902997,0.015380,0.081623
72.767822,0.418584,0.902997,0.015380,0.081623
72.991821,0.418584,0.902997,0.015380,0.081623
73.215820,0.417708,0.903629,0.015135,0.081236
73.439819,0.417708,0.903629,0.015135,0.081236
73.663818,0.417708,0.903629,0.015135,0.081236
73.887817,0.417708,0.903629,0.015135,0.081236
74.111816,0.418302,0.900271,0.015350,0.084380
74.335815,0.418302,0.900271,0.015350,0.084380
74.559814,0.418302,0.900271,0.015350,0.084380
74.783813,0.418302,0.900271,0.015350,0.084380
75.007812,0.421412,0.899749,0.015470,0.084781
75.231812,0.421412,0.899749,0.015470,0.084781
75.455811,0.421412,0.899749,0.015470,0.084781
75.679810,0.421412,0.899749,0.015470,0.084781
75.903809,0.421412,0.899749,0.015470,0.084781
76.127808,0.426781,0.897172,0.015519,0.087309
76.351807,0.426781,0.897172,0.015519,0.087309
76.575806,0.426781,0.897172,0.015519,0.087309
76.799805,0.426781,0.897172,0.015519,0.087309
77.023804,0.434445,0.892834,0.015248,0.091918
77.247803,0.434445,0.892834,0.015248,0.091918
77.471802,0.434445,0.892834,0.015248,0.091918
77.695801,0.434445,0.892834,0.015248,0.091918
77.919800,0.434445,0.892834,0.015248,0.091918
78.143799,0.433005,0.895412,0.015537,0.089050
78.367798,0.433005,0.895412,0.015537,0.089050
78.591797,0.433005,0.895412,0.015537,0.089050
78.815796,0.433005,0.895412,0.015537,0.089050
79.039795,0.434038,0.890958,0.015181,0.093861
79.263794,0.434038,0.890958,0.015181,0.093861
79.487793,0.434038,0.890958,0.015181,0.093861
79.711792,0.434038,0.890958,0.015181,0.093861
79.935791,0.434038,0.890958,0.015181,0.093861
80.159790,0.431035,0.891382,0.015151,0.093467
80.383789,0.431035,0.891382,0.015151,0.093467
80.607788,0.431035,0.891382,0.015151,0.093467
80.831787,0.431035,0.891382,0.015151,0.093467
81.055786,0.430757,0.891150,0.015238,0.093613
81.279785,0.430757,0.891150,0.015238,0.093613
81.503784,0.430757,0.891150,0.015238,0.093613
81.727783,0.430757,0.891150,0.015238,0.093613
81.951782,0.430757,0.891150,0.015238,0.093613
82.175781,0.431834,0.890268,0.015300,0.094431
82.399780,0.431834,0.890268,0.015300,0.094431
82.623779,0.431834,0.890268,0.015300,0.094431
82.847778,0.431834,0.890268,0.015300,0.094431
83.071777,0.433274,0.890003,0.015263,0.094734
83.295776,0.433274,0.890003,0.015263,0.094734
83.519775,0.433274,0.890003,0.015263,0.094734
83.743774,0.433274,0.890003,0.015263,0.094734
83.967773,0.433274,0.890003,0.015263,0.094734
84.191772,0.435561,0.888701,0.015347,0.095952
84.415771,0.435561,0.888701,0.015347,0.095952
84.639771,0.435561,0.888701,0.015347,0.095952
84.863770,0.435561,0.888701,0.015347,0.095952
85.087769,0.436844,0.888615,0.015430,0.095955
85.311768,0.436844,0.888615,0.015430,0.095955
85.535767,0.436844,0.888615,0.015430,0.095955
85.759766,0.436844,0.888615,0.015430,0.095955
85.983765,0.436844,0.888615,0.015430,0.095955
86.207764,0.438881,0.885123,0.015222,0.099655
86.431763,0.438881,0.885123,0.015222,0.099655
86.655762,0.438881,0.885123,0.015222,0.099655
86.879761,0.438881,0.885123,0.015222,0.099655
87.103760,0.436000,0.887692,0.015238,0.097069
87.327759,0.436000,0.887692,0.015238,0.097069
87.551758,0.436000,0.887692,0.015238,0.097069
87.775757,0.436000,0.887692,0.015238,0.097069
87.999756,0.436000,0.887692,0.015238,0.097069
88.223755,0.435390,0.887451,0.015609,0.096940
88.447754,0.435390,0.887451,0.015609,0.096940
88.671753,0.435390,0.887451,0.015609,0.096940
88.895752,0.435390,0.887451,0.015609,0.096940
89.119751,0.436635,0.886209,0.015792,0.097999
89.343750,0.436635,0.886209,0.015792,0.097999
89.567749,0.436635,0.886209,0.015792,0.097999
89.791748,0.436635,0.886209,0.015792,0.097999
90.015747,0.438772,0.885670,0.016031,0.098299
90.239746,0.438772,0.885670,0.016031,0.098299
90.463745,0.438772,0.885670,0.016031,0.098299
90.687744,0.438772,0.885670,0.016031,0.098299
90.911743,0.438772,0.885670,0.016031,0.098299
91.135742,0.437517,0.887264,0.016095,0.096641
91.359741,0.437517,0.887264,0.016095,0.096641
91.583740,0.437517,0.887264,0.016095,0.096641
91.807739,0.437517,0.887264,0.016095,0.096641
92.031738,0.437081,0.887125,0.016270,0.096606
92.255737,0.437081,0.887125,0.016270,0.096606
92.479736,0.437081,0.887125,0.016270,0.096606
92.703735,0.437081,0.887125,0.016270,0.096606
92.927734,0.437081,0.887125,0.016270,0.096606
93.151733,0.439425,0.886194,0.016272,0.097534
93.375732,0.439425,0.886194,0.016272,0.097534
93.599731,0.439425,0.886194,0.016272,0.097534
93.823730,0.439425,0.886194,0.016272,0.097534
94.047729,0.438771,0.886162,0.015896,0.097942
94.271729,0.438771,0.886162,0.015896,0.097942
94.495728,0.438771,0.886162,0.015896,0.097942
94.719727,0.438771,0.886162,0.015896,0.097942
94.943726,0.438771,0.886162,0.015896,0.097942
95.167725,0.438609,0.888986,0.015868,0.095146
95.391724,0.438609,0.888986,0.015868,0.095146
95.615723,0.438609,0.888986,0.015868,0.095146
95.839722,0.438609,0.888986,0.015868,0.095146
96.063721,0.440659,0.889098,0.015757,0.095145
96.287720,0.440659,0.889098,0.015757,0.095145
96.511719,0.440659,0.889098,0.015757,0.095145
96.735718,0.440659,0.889098,0.015757,0.095145
96.959717,0.440659,0.889098,0.015757,0.095145
97.183716,0.442182,0.886824,0.016053,0.097123
97.407715,0.442182,0.886824,0.016053,0.097123
97.631714,0.442182,0.886824,0.016053,0.097123
97.855713,0.442182,0.886824,0.016053,0.097123
98.079712,0.444371,0.885765,0.016170,0.098065
98.303711,0.444371,0.885765,0.016170,0.098065
98.527710,0.444371,0.885765,0.016170,0.098065
98.751709,0.444371,0.885765,0.016170,0.098065
98.975708,0.444371,0.885765,0.016170,0.098065
99.199707,0.447135,0.881900,0.016040,0.102060
99.423706,0.447135,0.881900,0.016040,0.102060
99.647705,0.447135,0.881900,0.016040,0.102060
99.871704,0.447135,0.881900,0.016040,0.102060
100.095703,0.450327,0.878209,0.015839,0.105952
100.319702,0.450327,0.878209,0.015839,0.105952
100.543701,0.450327,0.878209,0.015839,0.105952
100.767700,0.450327,0.878209,0.015839,0.105952
100.991699,0.450327,0.878209,0.015839,0.105952
101.215698,0.451213,0.877221,0.015992,0.106787
101.439697,0.451213,0.877221,0.015992,0.106787
101.663696,0.451213,0.877221,0.015992,0.106787
101.887695,0.451213,0.877221,0.015992,0.106787
102.111694,0.450748,0.875200,0.015965,0.108835
102.335693,0.450748,0.875200,0.015965,0.108835
102.559692,0.450748,0.875200,0.015965,0.108835
102.783691,0.450748,0.875200,0.015965,0.108835
103.007690,0.454020,0.875064,0.016078,0.108858
103.231689,0.454020,0.875064,0.016078,0.108858
103.455688,0.454020,0.875064,0.016078,0.108858
103.679688,0.454020,0.875064,0.016078,0.108858
103.903687,0.454020,0.875064,0.016078,0.108858
104.127686,0.453102,0.877810,0.015967,0.106223
104.351685,0.453102,0.877810,0.015967,0.106223
104.575684,0.453102,0.877810,0.015967,0.106223
104.799683,0.453102,0.877810,0.015967,0.106223
105.023682,0.453191,0.877503,0.015776,0.106721
105.247681,0.453191,0.877503,0.015776,0.106721
105.471680,0.453191,0.877503,0.015776,0.106721
105.695679,0.453191,0.877503,0.015776,0.106721
105.919678,0.453191,0.877503,0.015776,0.106721
106.143677,0.454213,0.878954,0.015696,0.105350
106.367676,0.454213,0.878954,0.015696,0.105350
106.591675,0.454213,0.878954,0.015696,0.105350
106.815674,0.454213,0.878954,0.015696,0.105350
107.039673,0.454101,0.878752,0.015648,0.105600
107.263672,0.454101,0.878752,0.015648,0.105600
107.487671,0.454101,0.878752,0.015648,0.105600
107.711670,0.454101,0.878752,0.015648,0.105600
107.935669,0.454101,0.878752,0.015648,0.105600
108.159668,0.454855,0.878525,0.015525,0.105950
108.383667,0.454855,0.878525,0.015525,0.105950
108.607666,0.454855,0.878525,0.015525,0.105950
108.831665,0.454855,0.878525,0.015525,0.105950
109.055664,0.441504,0.879073,0.015258,0.105668
109.279663,0.441504,0.879073,0.015258,0.105668
109.503662,0.441504,0.879073,0.015258,0.105668
109.727661,0.441504,0.879073,0.015258,0.105668
109.951660,0.441504,0.879073,0.015258,0.105668
110.175659,0.448313,0.879204,0.015826,0.104970
110.399658,0.448313,0.879204,0.015826,0.104970
110.623657,0.448313,0.879204,0.015826,0.104970
110.847656,0.448313,0.879204,0.015826,0.104970
111.071655,0.447355,0.877556,0.015859,0.106585
111.295654,0.447355,0.877556,0.015859,0.106585
111.519653,0.447355,0.877556,0.015859,0.106585
111.743652,0.447355,0.877556,0.015859,0.106585
111.967651,0.447355,0.877556,0.015859,0.106585
112.191650,0.448326,0.876102,0.015915,0.107983
112.415649,0.448326,0.876102,0.015915,0.107983
112.639648,0.448326,0.876102,0.015915,0.107983
112.863647,0.448326,0.876102,0.015915,0.107983
113.087646,0.446997,0.876208,0.016062,0.107730
113.311646,0.446997,0.876208,0.016062,0.107730
113.535645,0.446997,0.876208,0.016062,0.107730
113.759644,0.446997,0.876208,0.016062,0.107730
113.983643,0.446997,0.876208,0.016062,0.107730
114.207642,0.444989,0.877696,0.016004,0.106301
114.431641,0.444989,0.877696,0.016004,0.106301
114.655640,0.444989,0.877696,0.016004,0.106301
114.879639,0.444989,0.877696,0.016004,0.106301
115.103638,0.446020,0.876086,0.016273,0.107641
115.327637,0.446020,0.876086,0.016273,0.107641
115.551636,0.446020,0.876086,0.016273,0.107641
115.775635,0.446020,0.876086,0.016273,0.107641
115.999634,0.446020,0.876086,0.016273,0.107641
116.223633,0.445044,0.876085,0.016259,0.107656
116.447632,0.445044,0.876085,0.016259,0.107656
116.671631,0.445044,0.876085,0.016259,0.107656
116.895630,0.445044,0.876085,0.016259,0.107656
117.119629,0.444925,0.874775,0.016236,0.108990
117.343628,0.444925,0.874775,0.016236,0.108990
117.567627,0.444925,0.874775,0.016236,0.108990
117.791626,0.444925,0.874775,0.016236,0.108990
118.015625,0.443822,0.877021,0.016464,0.106515
118.239624,0.443822,0.877021,0.016464,0.106515
118.463623,0.443822,0.877021,0.016464,0.106515
118.687622,0.443822,0.877021,0.016464,0.106515
118.911621,0.443822,0.877021,0.016464,0.106515
119.135620,0.445559,0.877459,0.016481,0.106060
119.359619,0.445559,0.877459,0.016481,0.106060
119.583618,0.445559,0.877459,0.016481,0.106060
119.807617,0.445559,0.877459,0.016481,0.106060
120.031616,0.446529,0.875065,0.016462,0.108473
120.255615,0.446529,0.875065,0.016462,0.108473
120.479614,0.446529,0.875065,0.016462,0.108473
120.703613,0.446529,0.875065,0.016462,0.108473
120.927612,0.446529,0.875065,0.016462,0.108473
121.151611,0.445912,0.876145,0.016566,0.107289
121.375610,0.445912,0.876145,0.016566,0.107289
121.599609,0.445912,0.876145,0.016566,0.107289
121.823608,0.445912,0.876145,0.016566,0.107289
122.047607,0.445889,0.877065,0.016123,0.106813
122.271606,0.445889,0.877065,0.016123,0.106813
122.495605,0.445889,0.877065,0.016123,0.106813
122.719604,0.445889,0.877065,0.016123,0.106813
122.943604,0.445889,0.877065,0.016123,0.106813
123.167603,0.447871,0.872683,0.016262,0.111055
123.391602,0.447871,0.872683,0.016262,0.111055
123.615601,0.447871,0.872683,0.016262,0.111055
123.839600,0.447871,0.872683,0.016262,0.111055
124.063599,0.447858,0.874997,0.015914,0.109088
124.287598,0.447858,0.874997,0.015914,0.109088
124.511597,0.447858,0.874997,0.015914,0.109088
124.735596,0.447858,0.874997,0.015914,0.109088
124.959595,0.447858,0.874997,0.015914,0.109088
125.183594,0.452173,0.875092,0.016176,0.108732
125.407593,0.452173,0.875092,0.016176,0.108732
125.631592,0.452173,0.875092,0.016176,0.108732
125.855591,0.452173,0.875092,0.016176,0.108732
126.079590,0.453097,0.872344,0.016340,0.111316
126.303589,0.453097,0.872344,0.016340,0.111316
126.527588,0.453097,0.872344,0.016340,0.111316
126.751587,0.453097,0.872344,0.016340,0.111316
126.975586,0.453097,0.872344,0.016340,0.111316
127.199585,0.450811,0.872486,0.016315,0.111199
127.423584,0.450811,0.872486,0.016315,0.111199
127.647583,0.450811,0.872486,0.016315,0.111199
127.871582,0.450811,0.872486,0.016315,0.111199
128.095581,0.451972,0.872083,0.015783,0.112135
128.319580,0.451972,0.872083,0.015783,0.112135
128.543579,0.451972,0.872083,0.015783,0.112135
128.767578,0.451972,0.872083,0.015783,0.112135
128.991577,0.451972,0.872083,0.015783,0.112135
129.215576,0.452904,0.873507,0.015536,0.110957
129.439575,0.452904,0.873507,0.015536,0.110957
129.663574,0.452904,0.873507,0.015536,0.110957
129.887573,0.452904,0.873507,0.015536,0.110957
130.111572,0.453419,0.875321,0.015457,0.109222
130.335571,0.453419,0.875321,0.015457,0.109222
130.559570,0.453419,0.875321,0.015457,0.109222
130.783569,0.453419,0.875321,0.015457,0.109222
131.007568,0.456108,0.873887,0.015557,0.110556
131.231567,0.456108,0.873887,0.015557,0.110556
131.455566,0.456108,0.873887,0.015557,0.110556
131.679565,0.456108,0.873887,0.015557,0.110556
131.903564,0.456108,0.873887,0.015557,0.110556
132.127563,0.457574,0.871109,0.016077,0.112815
132.351562,0.457574,0.871109,0.016077,0.112815
132.575562,0.457574,0.871109,0.016077,0.112815
132.799561,0.457574,0.871109,0.016077,0.112815
133.023560,0.460444,0.870597,0.016170,0.113232
133.247559,0.460444,0.870597,0.016170,0.113232
133.471558,0.460444,0.870597,0.016170,0.113232
133.695557,0.460444,0.870597,0.016170,0.113232
133.919556,0.460444,0.870597,0.016170,0.113232
134.143555,0.448516,0.869632,0.016037,0.114331
134.367554,0.448516,0.869632,0.016037,0.114331
134.591553,0.448516,0.869632,0.016037,0.114331
134.815552,0.448516,0.869632,0.016037,0.114331
135.039551,0.462690,0.870365,0.016177,0.113459
135.263550,0.462690,0.870365,0.016177,0.113459
135.487549,0.462690,0.870365,0.016177,0.113459
135.711548,0.462690,0.870365,0.016177,0.113459
135.935547,0.462690,0.870365,0.016177,0.113459
136.159546,0.461271,0.871922,0.016113,0.111965
136.383545,0.461271,0.871922,0.016113,0.111965
136.607544,0.461271,0.871922,0.016113,0.111965
136.831543,0.461271,0.871922,0.016113,0.111965
137.055542,0.461458,0.871336,0.015960,0.112704
137.279541,0.461458,0.871336,0.015960,0.112704
137.503540,0.461458,0.871336,0.015960,0.112704
137.727539,0.461458,0.871336,0.015960,0.112704
137.951538,0.461458,0.871336,0.015960,0.112704
138.175537,0.463895,0.870302,0.015686,0.114011
138.399536,0.463895,0.870302,0.015686,0.114011
138.623535,0.463895,0.870302,0.015686,0.114011
138.847534,0.463895,0.870302,0.015686,0.114011
139.071533,0.464987,0.869980,0.015344,0.114676
139.295532,0.464987,0.869980,0.015344,0.114676
139.519531,0.464987,0.869980,0.015344,0.114676
139.743530,0.464987,0.869980,0.015344,0.114676
139.967529,0.464987,0.869980,0.015344,0.114676
140.191528,0.464596,0.872400,0.015126,0.112474
140.415527,0.464596,0.872400,0.015126,0.112474
140.639526,0.464596,0.872400,0.015126,0.112474
140.863525,0.464596,0.872400,0.015126,0.112474
141.087524,0.467740,0.870506,0.015124,0.114370
141.311523,0.467740,0.870506,0.015124,0.114370
141.535522,0.467740,0.870506,0.015124,0.114370
141.759521,0.467740,0.870506,0.015124,0.114370
141.983521,0.467740,0.870506,0.015124,0.114370
142.207520,0.467013,0.871666,0.015257,0.113078
142.431519,0.467013,0.871666,0.015257,0.113078
142.655518,0.467013,0.871666,0.015257,0.113078
142.879517,0.467013,0.871666,0.015257,0.113078
143.103516,0.467342,0.869287,0.015071,0.115641
143.327515,0.467342,0.869287,0.015071,0.115641
143.551514,0.467342,0.869287,0.015071,0.115641
143.775513,0.467342,0.869287,0.015071,0.115641
143.999512,0.467342,0.869287,0.015071,0.115641
144.223511,0.469350,0.869584,0.015754,0.114663
144.447510,0.469350,0.869584,0.015754,0.114663
144.671509,0.469350,0.869584,0.015754,0.114663
144.895508,0.469350,0.869584,0.015754,0.114663
145.119507,0.469033,0.869040,0.016061,0.114899
145.343506,0.469033,0.869040,0.016061,0.114899
145.567505,0.469033,0.869040,0.016061,0.114899
145.791504,0.469033,0.869040,0.016061,0.114899
146.015503,0.466829,0.869661,0.015760,0.114579
146.239502,0.466829,0.869661,0.015760,0.114579
146.463501,0.466829,0.869661,0.015760,0.114579
146.687500,0.466829,0.869661,0.015760,0.114579
146.911499,0.466829,0.869661,0.015760,0.114579
147.135498,0.465729,0.870487,0.015858,0.113655
147.359497,0.465729,0.870487,0.015858,0.113655
147.583496,0.465729,0.870487,0.015858,0.113655
147.807495,0.465729,0.870487,0.015858,0.113655
148.031494,0.466434,0.870292,0.016111,0.113596
148.255493,0.466434,0.870292,0.016111,0.113596
148.479492,0.466434,0.870292,0.016111,0.113596
148.703491,0.466434,0.870292,0.016111,0.113596
148.927490,0.466434,0.870292,0.016111,0.113596
149.151489,0.467603,0.869424,0.016262,0.114314
149.375488,0.467603,0.869424,0.016262,0.114314
149.599487,0.467603,0.869424,0.016262,0.114314
149.823486,0.467603,0.869424,0.016262,0.114314
150.047485,0.468504,0.869385,0.016310,0.114305
150.271484,0.468504,0.869385,0.016310,0.114305
150.495483,0.468504,0.869385,0.016310,0.114305
150.719482,0.468504,0.869385,0.016310,0.114305
150.943481,0.468504,0.869385,0.016310,0.114305
151.167480,0.468290,0.869569,0.016590,0.113841
151.391479,0.468290,0.869569,0.016590,0.113841
151.615479,0.468290,0.869569,0.016590,0.113841
151.839478,0.468290,0.869569,0.016590,0.113841
152.063477,0.469115,0.869860,0.016479,0.113661
152.287476,0.469115,0.869860,0.016479,0.113661
152.511475,0.469115,0.869860,0.016479,0.113661
152.735474,0.469115,0.869860,0.016479,0.113661
152.959473,0.469115,0.869860,0.016479,0.113661
153.183472,0.470687,0.870848,0.016190,0.112962
153.407471,0.470687,0.870848,0.016190,0.112962
153.631470,0.470687,0.870848,0.016190,0.112962
153.855469,0.470687,0.870848,0.016190,0.112962
154.079468,0.469396,0.870870,0.015921,0.113210
154.303467,0.469396,0.870870,0.015921,0.113210
154.527466,0.469396,0.870870,0.015921,0.113210
154.751465,0.469396,0.870870,0.015921,0.113210
154.975464,0.469396,0.870870,0.015921,0.113210
155.199463,0.471741,0.867523,0.015894,0.116583
155.423462,0.471741,0.867523,0.015894,0.116583
155.647461,0.471741,0.867523,0.015894,0.116583
155.871460,0.471741,0.867523,0.015894,0.116583
156.095459,0.472809,0.864177,0.015715,0.120107
156.319458,0.472809,0.864177,0.015715,0.120107
156.543457,0.472809,0.864177,0.015715,0.120107
156.767456,0.472809,0.864177,0.015715,0.120107
156.991455,0.472809,0.864177,0.015715,0.120107
157.215454,0.471888,0.863611,0.016287,0.120101
157.439453,0.471888,0.863611,0.016287,0.120101
157.663452,0.471888,0.863611,0.016287,0.120101
157.887451,0.471888,0.863611,0.016287,0.120101
158.111450,0.473012,0.863858,0.016676,0.119466
158.335449,0.473012,0.863858,0.016676,0.119466
158.559448,0.473012,0.863858,0.016676,0.119466
158.783447,0.473012,0.863858,0.016676,0.119466
159.007446,0.469337,0.867633,0.016743,0.115624
159.231445,0.469337,0.867633,0.016743,0.115624
159.455444,0.469337,0.867633,0.016743,0.115624
159.679443,0.469337,0.867633,0.016743,0.115624
159.903442,0.469337,0.867633,0.016743,0.115624
160.127441,0.469173,0.867247,0.016485,0.116268
160.351440,0.469173,0.867247,0.016485,0.116268
160.575439,0.469173,0.867247,0.016485,0.116268
160.799438,0.469173,0.867247,0.016485,0.116268
161.023438,0.470704,0.863372,0.016212,0.120417
161.247437,0.470704,0.863372,0.016212,0.120417
161.471436,0.470704,0.863372,0.016212,0.120417
161.695435,0.470704,0.863372,0.016212,0.120417
161.919434,0.470704,0.863372,0.016212,0.120417
162.143433,0.471015,0.864350,0.015831,0.119819
162.367432,0.471015,0.864350,0.015831,0.119819
162.591431,0.471015,0.864350,0.015831,0.119819
162.815430,0.471015,0.864350,0.015831,0.119819
163.039429,0.472500,0.862228,0.016050,0.121722
163.263428,0.472500,0.862228,0.016050,0.121722
163.487427,0.472500,0.862228,0.016050,0.121722
163.711426,0.472500,0.862228,0.016050,0.121722
163.935425,0.472500,0.862228,0.016050,0.121722
164.159424,0.463976,0.860432,0.016183,0.123385
164.383423,0.463976,0.860432,0.016183,0.123385
164.607422,0.463976,0.860432,0.016183,0.123385
164.831421,0.463976,0.860432,0.016183,0.123385
165.055420,0.462601,0.861528,0.015483,0.122989
165.279419,0.462601,0.861528,0.015483,0.122989
165.503418,0.462601,0.861528,0.015483,0.122989
165.727417,0.462601,0.861528,0.015483,0.122989
165.951416,0.462601,0.861528,0.015483,0.122989
166.175415,0.461417,0.862896,0.015730,0.121374
166.399414,0.461417,0.862896,0.015730,0.121374
166.623413,0.461417,0.862896,0.015730,0.121374
166.847412,0.461417,0.862896,0.015730,0.121374
167.071411,0.471391,0.861671,0.015632,0.122697
167.295410,0.471391,0.861671,0.015632,0.122697
167.519409,0.471391,0.861671,0.015632,0.122697
167.743408,0.471391,0.861671,0.015632,0.122697
167.967407,0.471391,0.861671,0.015632,0.122697
168.191406,0.471262,0.862588,0.016149,0.121263
168.415405,0.471262,0.862588,0.016149,0.121263
168.639404,0.471262,0.862588,0.016149,0.121263
168.863403,0.471262,0.862588,0.016149,0.121263
169.087402,0.471241,0.860855,0.016484,0.122660
169.311401,0.471241,0.860855,0.016484,0.122660
169.535400,0.471241,0.860855,0.016484,0.122660
169.759399,0.471241,0.860855,0.016484,0.122660
169.983398,0.471241,0.860855,0.016484,0.122660
170.207397,0.456862,0.859814,0.017167,0.123019
170.431396,0.456862,0.859814,0.017167,0.123019
170.655396,0.456862,0.859814,0.017167,0.123019
170.879395,0.456862,0.859814,0.017167,0.123019
171.103394,0.455607,0.861655,0.017174,0.121171
171.327393,0.455607,0.861655,0.017174,0.121171
171.551392,0.455607,0.861655,0.017174,0.121171
171.775391,0.455607,0.861655,0.017174,0.121171
171.999390,0.455607,0.861655,0.017174,0.121171
172.223389,0.452306,0.863521,0.017076,0.119403
172.447388,0.452306,0.863521,0.017076,0.119403
172.671387,0.452306,0.863521,0.017076,0.119403
172.895386,0.452306,0.863521,0.017076,0.119403
173.119385,0.453021,0.863434,0.016724,0.119842
173.343384,0.453021,0.863434,0.016724,0.119842
173.567383,0.453021,0.863434,0.016724,0.119842
173.791382,0.453021,0.863434,0.016724,0.119842
174.015381,0.465843,0.864722,0.016616,0.118663
174.239380,0.465843,0.864722,0.016616,0.118663
174.463379,0.465843,0.864722,0.016616,0.118663
174.687378,0.465843,0.864722,0.016616,0.118663
174.911377,0.465843,0.864722,0.016616,0.118663
175.135376,0.465444,0.863667,0.017068,0.119265
175.359375,0.465444,0.863667,0.017068,0.119265
175.583374,0.465444,0.863667,0.017068,0.119265
175.807373,0.465444,0.863667,0.017068,0.119265
176.031372,0.465614,0.862845,0.017327,0.119828
176.255371,0.465614,0.862845,0.017327,0.119828
176.479370,0.465614,0.862845,0.017327,0.119828
176.703369,0.465614,0.862845,0.017327,0.119828
176.927368,0.465614,0.862845,0.017327,0.119828
177.151367,0.466640,0.862130,0.017500,0.120370
177.375366,0.466640,0.862130,0.017500,0.120370
177.599365,0.466640,0.862130,0.017500,0.120370
177.823364,0.466640,0.862130,0.017500,0.120370
178.047363,0.470102,0.861694,0.018169,0.120136
178.271362,0.470102,0.861694,0.018169,0.120136
178.495361,0.470102,0.861694,0.018169,0.120136
178.719360,0.470102,0.861694,0.018169,0.120136
178.943359,0.470102,0.861694,0.018169,0.120136
179.167358,0.472650,0.860827,0.018574,0.120599
179.391357,0.472650,0.860827,0.018574,0.120599
179.615356,0.472650,0.860827,0.018574,0.120599
179.839355,0.472650,0.860827,0.018574,0.120599
180.063354,0.473383,0.857922,0.018354,0.123725
180.287354,0.473383,0.857922,0.018354,0.123725
180.511353,0.473383,0.857922,0.018354,0.123725
180.735352,0.473383,0.857922,0.018354,0.123725
180.959351,0.473383,0.857922,0.018354,0.123725
181.183350,0.468877,0.853504,0.018668,0.127829
181.407349,0.468877,0.853504,0.018668,0.127829
181.631348,0.468877,0.853504,0.018668,0.127829
181.855347,0.468877,0.853504,0.018668,0.127829
182.079346,0.460250,0.850092,0.018348,0.131560
182.303345,0.460250,0.850092,0.018348,0.131560
182.527344,0.460250,0.850092,0.018348,0.131560
182.751343,0.460250,0.850092,0.018348,0.131560
182.975342,0.460250,0.850092,0.018348,0.131560
183.199341,0.445785,0.844672,0.018324,0.137004
183.423340,0.445785,0.844672,0.018324,0.137004
183.647339,0.445785,0.844672,0.018324,0.137004
183.871338,0.445785,0.844672,0.018324,0.137004
184.095337,0.449055,0.844439,0.018221,0.137340
184.319336,0.449055,0.844439,0.018221,0.137340
184.543335,0.449055,0.844439,0.018221,0.137340
184.767334,0.449055,0.844439,0.018221,0.137340
184.991333,0.449055,0.844439,0.018221,0.137340
185.215332,0.443511,0.845094,0.017297,0.137610
185.439331,0.443511,0.845094,0.017297,0.137610
185.663330,0.443511,0.845094,0.017297,0.137610
185.887329,0.443511,0.845094,0.017297,0.137610
186.111328,0.450629,0.844289,0.017669,0.138042
186.335327,0.450629,0.844289,0.017669,0.138042
186.559326,0.450629,0.844289,0.017669,0.138042
186.783325,0.450629,0.844289,0.017669,0.138042
187.007324,0.450936,0.844846,0.017831,0.137323
187.231323,0.450936,0.844846,0.017831,0.137323
187.455322,0.450936,0.844846,0.017831,0.137323
187.679321,0.450936,0.844846,0.017831,0.137323
187.903320,0.450936,0.844846,0.017831,0.137323
188.127319,0.443823,0.843119,0.017970,0.138911
188.351318,0.443823,0.843119,0.017970,0.138911
188.575317,0.443823,0.843119,0.017970,0.138911
188.799316,0.443823,0.843119,0.017970,0.138911
189.023315,0.448722,0.839596,0.017953,0.142451
189.247314,0.448722,0.839596,0.017953,0.142451
189.471313,0.448722,0.839596,0.017953,0.142451
189.695312,0.448722,0.839596,0.017953,0.142451
189.919312,0.448722,0.839596,0.017953,0.142451
190.143311,0.448993,0.839057,0.017916,0.143027
190.367310,0.448993,0.839057,0.017916,0.143027
190.591309,0.448993,0.839057,0.017916,0.143027
190.815308,0.448993,0.839057,0.017916,0.143027
191.039307,0.455576,0.840168,0.018868,0.140963
191.263306,0.455576,0.840168,0.018868,0.140963
191.487305,0.455576,0.840168,0.018868,0.140963
191.711304,0.455576,0.840168,0.018868,0.140963
191.935303,0.455576,0.840168,0.018868,0.140963
192.159302,0.465998,0.841588,0.018561,0.139851
192.383301,0.465998,0.841588,0.018561,0.139851
192.607300,0.465998,0.841588,0.018561,0.139851
192.831299,0.465998,0.841588,0.018561,0.139851
193.055298,0.478787,0.844273,0.019092,0.136635
193.279297,0.478787,0.844273,0.019092,0.136635
193.503296,0.478787,0.844273,0.019092,0.136635
193.727295,0.478787,0.844273,0.019092,0.136635
193.951294,0.478787,0.844273,0.019092,0.136635
194.175293,0.479943,0.842730,0.019024,0.138246
194.399292,0.479943,0.842730,0.019024,0.138246
194.623291,0.479943,0.842730,0.019024,0.138246
194.847290,0.479943,0.842730,0.019024,0.138246
195.071289,0.482809,0.840078,0.018956,0.140965
195.295288,0.482809,0.840078,0.018956,0.140965
195.519287,0.482809,0.840078,0.018956,0.140965
195.743286,0.482809,0.840078,0.018956,0.140965
195.967285,0.482809,0.840078,0.018956,0.140965
196.191284,0.482776,0.838362,0.019356,0.142282
196.415283,0.482776,0.838362,0.019356,0.142282
196.639282,0.482776,0.838362,0.019356,0.142282
196.863281,0.482776,0.838362,0.019356,0.142282
197.087280,0.483061,0.838031,0.018437,0.143532
197.311279,0.483061,0.838031,0.018437,0.143532
197.535278,0.483061,0.838031,0.018437,0.143532
197.759277,0.483061,0.838031,0.018437,0.143532
197.983276,0.483061,0.838031,0.018437,0.143532
198.207275,0.487790,0.835034,0.018711,0.146256
198.431274,0.487790,0.835034,0.018711,0.146256
198.655273,0.487790,0.835034,0.018711,0.146256
198.879272,0.487790,0.835034,0.018711,0.146256
199.103271,0.485466,0.835008,0.019039,0.145953
199.327271,0.485466,0.835008,0.019039,0.145953
199.551270,0.485466,0.835008,0.019039,0.145953
199.775269,0.485466,0.835008,0.019039,0.145953
199.999268,0.485466,0.835008,0.019039,0.145953
200.223267,0.486776,0.832472,0.018508,0.149020
200.447266,0.486776,0.832472,0.018508,0.149020
200.671265,0.486776,0.832472,0.018508,0.149020
200.895264,0.486776,0.832472,0.018508,0.149020
201.119263,0.485551,0.834829,0.018696,0.146475
201.343262,0.485551,0.834829,0.018696,0.146475
201.567261,0.485551,0.834829,0.018696,0.146475
201.791260,0.485551,0.834829,0.018696,0.146475
202.015259,0.483474,0.839476,0.017826,0.142698
202.239258,0.483474,0.839476,0.017826,0.142698
202.463257,0.483474,0.839476,0.017826,0.142698
202.687256,0.483474,0.839476,0.017826,0.142698
202.911255,0.483474,0.839476,0.017826,0.142698
203.135254,0.489963,0.833890,0.018815,0.147295
203.359253,0.489963,0.833890,0.018815,0.147295
203.583252,0.489963,0.833890,0.018815,0.147295
203.807251,0.489963,0.833890,0.018815,0.147295
204.031250,0.480351,0.834529,0.018481,0.146990
204.255249,0.480351,0.834529,0.018481,0.146990
204.479248,0.480351,0.834529,0.018481,0.146990
204.703247,0.480351,0.834529,0.018481,0.146990
204.927246,0.480351,0.834529,0.018481,0.146990
205.151245,0.494131,0.835864,0.018867,0.145269
205.375244,0.494131,0.835864,0.018867,0.145269
205.599243,0.494131,0.835864,0.018867,0.145269
205.823242,0.494131,0.835864,0.018867,0.145269
206.047241,0.492403,0.836717,0.019038,0.144245
206.271240,0.492403,0.836717,0.019038,0.144245
206.495239,0.492403,0.836717,0.019038,0.144245
206.719238,0.492403,0.836717,0.019038,0.144245
206.943237,0.492403,0.836717,0.019038,0.144245
207.167236,0.504321,0.836510,0.019174,0.144317
207.391235,0.504321,0.836510,0.019174,0.144317
207.615234,0.504321,0.836510,0.019174,0.144317
207.839233,0.504321,0.836510,0.019174,0.144317
208.063232,0.505128,0.832997,0.019164,0.147839
208.287231,0.505128,0.832997,0.019164,0.147839
208.511230,0.505128,0.832997,0.019164,0.147839
208.735229,0.505128,0.832997,0.019164,0.147839
208.959229,0.505128,0.832997,0.019164,0.147839
209.183228,0.505035,0.834164,0.019345,0.146491
209.407227,0.505035,0.834164,0.019345,0.146491
209.631226,0.505035,0.834164,0.019345,0.146491
209.855225,0.505035,0.834164,0.019345,0.146491
210.079224,0.503894,0.834877,0.019557,0.145565
210.303223,0.503894,0.834877,0.019557,0.145565
210.527222,0.503894,0.834877,0.019557,0.145565
210.751221,0.503894,0.834877,0.019557,0.145565
210.975220,0.503894,0.834877,0.019557,0.145565
211.199219,0.501733,0.834592,0.019891,0.145518
211.423218,0.501733,0.834592,0.019891,0.145518
211.647217,0.501733,0.834592,0.019891,0.145518
211.871216,0.501733,0.834592,0.019891,0.145518
212.095215,0.502612,0.834623,0.019777,0.145600
212.319214,0.502612,0.834623,0.019777,0.145600
212.543213,0.502612,0.834623,0.019777,0.145600
212.767212,0.502612,0.834623,0.019777,0.145600
212.991211,0.502612,0.834623,0.019777,0.145600
213.215210,0.504399,0.832831,0.019802,0.147367
213.439209,0.504399,0.832831,0.019802,0.147367
213.663208,0.504399,0.832831,0.019802,0.147367
213.887207,0.504399,0.832831,0.019802,0.147367
214.111206,0.504893,0.833262,0.019870,0.146868
214.335205,0.504893,0.833262,0.019870,0.146868
214.559204,0.504893,0.833262,0.019870,0.146868
214.783203,0.504893,0.833262,0.019870,0.146868
215.007202,0.501442,0.831355,0.019677,0.148968
215.231201,0.501442,0.831355,0.019677,0.148968
215.455200,0.501442,0.831355,0.019677,0.148968
215.679199,0.501442,0.831355,0.019677,0.148968
215.903198,0.501442,0.831355,0.019677,0.148968
216.127197,0.501775,0.831883,0.019959,0.148158
216.351196,0.501775,0.831883,0.019959,0.148158
216.575195,0.501775,0.831883,0.019959,0.148158
216.799194,0.501775,0.831883,0.019959,0.148158
217.023193,0.501089,0.833222,0.019979,0.146799
217.247192,0.501089,0.833222,0.019979,0.146799
217.471191,0.501089,0.833222,0.019979,0.146799
217.695190,0.501089,0.833222,0.019979,0.146799
217.919189,0.501089,0.833222,0.019979,0.146799
218.143188,0.506002,0.833669,0.020213,0.146118
218.367188,0.506002,0.833669,0.020213,0.146118
218.591187,0.506002,0.833669,0.020213,0.146118
218.815186,0.506002,0.833669,0.020213,0.146118
219.039185,0.506087,0.831770,0.020666,0.147563
219.263184,0.506087,0.831770,0.020666,0.147563
219.487183,0.506087,0.831770,0.020666,0.147563
219.711182,0.506087,0.831770,0.020666,0.147563
219.935181,0.506087,0.831770,0.020666,0.147563
220.159180,0.507562,0.831673,0.020672,0.147656
220.383179,0.507562,0.831673,0.020672,0.147656
220.607178,0.507562,0.831673,0.020672,0.147656
220.831177,0.507562,0.831673,0.020672,0.147656
221.055176,0.505005,0.832734,0.020934,0.146331
221.279175,0.505005,0.832734,0.020934,0.146331
221.503174,0.505005,0.832734,0.020934,0.146331
221.727173,0.505005,0.832734,0.020934,0.146331
221.951172,0.505005,0.832734,0.020934,0.146331
222.175171,0.498715,0.835077,0.021174,0.143749
222.399170,0.498715,0.835077,0.021174,0.143749
222.623169,0.498715,0.835077,0.021174,0.143749
222.847168,0.498715,0.835077,0.021174,0.143749
223.071167,0.501227,0.833292,0.021180,0.145528
223.295166,0.501227,0.833292,0.021180,0.145528
223.519165,0.501227,0.833292,0.021180,0.145528
