value,total_removed,ground_removed,cone_removed,unassigned_removed
0.001000,0.436914,0.878402,0.015855,0.105743
0.005999,0.437845,0.876552,0.015829,0.107618
0.010998,0.438322,0.875583,0.015810,0.108607
0.015997,0.433809,0.880309,0.015584,0.104106
0.020996,0.434530,0.881191,0.015908,0.102902
0.025995,0.435664,0.880925,0.016224,0.102851
0.030994,0.435784,0.880654,0.016219,0.103127
0.035993,0.434979,0.883380,0.016328,0.100292
0.040992,0.432451,0.881837,0.015294,0.102869
0.045991,0.429988,0.881778,0.014918,0.103305
0.050990,0.427471,0.885701,0.014853,0.099447
0.055989,0.427623,0.885886,0.014864,0.099250
0.060988,0.426766,0.885354,0.014582,0.100064
0.065987,0.426738,0.885749,0.014414,0.099837
0.070986,0.426951,0.886223,0.014406,0.099371
0.075985,0.427063,0.886981,0.014400,0.098619
0.080984,0.427826,0.887592,0.014430,0.097977
0.085983,0.427809,0.887965,0.014383,0.097652
0.090982,0.427683,0.889244,0.014320,0.096437
0.095981,0.427771,0.889765,0.014344,0.095891
0.100980,0.428122,0.889879,0.014351,0.095771
0.105979,0.428458,0.889875,0.014338,0.095787
0.110978,0.428955,0.889288,0.014441,0.096271
0.115977,0.429179,0.889152,0.014560,0.096288
0.120976,0.429606,0.888934,0.014613,0.096453
0.125975,0.430339,0.888234,0.014880,0.096886
0.130974,0.430716,0.888205,0.014867,0.096928
0.135973,0.431260,0.887510,0.014863,0.097626
0.140972,0.431465,0.887565,0.014926,0.097510
0.145971,0.431730,0.887262,0.014914,0.097824
0.150970,0.431904,0.887057,0.014955,0.097988
0.155969,0.432125,0.886748,0.014949,0.098303
0.160968,0.432323,0.886804,0.014943,0.098253
0.165967,0.434847,0.884512,0.015361,0.100128
0.170966,0.435093,0.884110,0.015412,0.100478
0.175965,0.435261,0.883900,0.015406,0.100694
0.180964,0.435486,0.883653,0.015370,0.100977
0.185963,0.435788,0.883435,0.015379,0.101186
0.190962,0.436662,0.882383,0.015390,0.102228
0.195961,0.437077,0.882023,0.015377,0.102600
0.200960,0.445461,0.882312,0.015982,0.101706
0.205959,0.445594,0.882097,0.016006,0.101897
0.210958,0.447665,0.878281,0.015923,0.105795
0.215957,0.447906,0.877817,0.015916,0.106266
0.220956,0.448291,0.877081,0.015899,0.107021
0.225955,0.448536,0.876629,0.015891,0.107480
0.230954,0.451264,0.872784,0.015825,0.111391
0.235953,0.451445,0.872516,0.015819,0.111665
0.240952,0.451581,0.872389,0.015816,0.111795
0.245951,0.451883,0.872193,0.015786,0.112021
0.250950,0.452032,0.872091,0.015781,0.112128
0.255949,0.452506,0.871323,0.015751,0.112926
0.260948,0.452627,0.871121,0.015747,0.113132
0.265947,0.452744,0.870985,0.015743,0.113272
0.270946,0.452852,0.870787,0.015739,0.113474
0.275945,0.452852,0.870787,0.015739,0.113474
0.280944,0.453129,0.870516,0.015727,0.113757
0.285943,0.453344,0.870116,0.015721,0.114164
0.290942,0.454088,0.869141,0.015704,0.115154
0.295941,0.454196,0.869072,0.015700,0.115227
0.300940,0.454196,0.869072,0.015700,0.115227
0.305939,0.454317,0.868836,0.015697,0.115468
0.310938,0.455724,0.866486,0.015651,0.117863
0.315937,0.455844,0.866272,0.015648,0.118081
0.320936,0.457365,0.863640,0.015601,0.120759
0.325935,0.458902,0.860795,0.015559,0.123646
0.330934,0.459071,0.860666,0.015552,0.123782
0.335933,0.459151,0.860528,0.015550,0.123921
0.340932,0.459243,0.860490,0.015548,0.123963
0.345931,0.459316,0.860358,0.015546,0.124096
0.350930,0.459372,0.860260,0.015544,0.124195
0.355929,0.459404,0.860198,0.015543,0.124259
0.360928,0.459646,0.860068,0.015535,0.124397
0.365927,0.459646,0.860068,0.015535,0.124397
0.370926,0.459774,0.859896,0.015528,0.124575
0.375925,0.459375,0.860672,0.015544,0.123784
0.380924,0.459499,0.860437,0.015540,0.124023
0.385923,0.459499,0.860437,0.015540,0.124023
0.390922,0.459757,0.860158,0.015532,0.124310
0.395921,0.459757,0.860158,0.015532,0.124310
0.400920,0.459869,0.859972,0.015536,0.124492
0.405919,0.459981,0.859881,0.015532,0.124587
0.410918,0.460106,0.859656,0.015528,0.124816
0.415917,0.460199,0.859480,0.015525,0.124994
0.420916,0.460279,0.859327,0.015521,0.125151
0.425915,0.460279,0.859327,0.015521,0.125151
0.430914,0.457079,0.865463,0.015616,0.118921
0.435913,0.457248,0.865297,0.015611,0.119092
0.440912,0.457312,0.865187,0.015609,0.119204
0.445911,0.457493,0.864981,0.015603,0.119415
0.450910,0.457622,0.864747,0.015600,0.119653
0.455909,0.457638,0.864717,0.015599,0.119684
0.460908,0.458487,0.863294,0.015571,0.121135
0.465907,0.458661,0.863161,0.015566,0.121273
0.470906,0.458773,0.863000,0.015561,0.121439
0.475905,0.458901,0.862883,0.015556,0.121562
0.480904,0.458938,0.862811,0.015555,0.121634
0.485903,0.459284,0.862308,0.015542,0.122150
0.490902,0.459352,0.862182,0.015537,0.122281
0.495901,0.459384,0.862121,0.015535,0.122344
0.500900,0.459431,0.862035,0.015534,0.122431
0.505899,0.459431,0.862035,0.015534,0.122431
0.510898,0.459476,0.861950,0.015532,0.122517
0.515897,0.459575,0.861822,0.015526,0.122651
0.520896,0.459170,0.862821,0.015545,0.121633
0.525895,0.459214,0.862742,0.015544,0.121714
0.530894,0.459214,0.862742,0.015544,0.121714
0.535893,0.459311,0.862695,0.015541,0.121764
0.540892,0.459946,0.861442,0.015514,0.123044
0.545891,0.459946,0.861442,0.015514,0.123044
0.550890,0.459891,0.861546,0.015519,0.122935
0.555889,0.459018,0.863078,0.015539,0.121382
0.560888,0.459223,0.862832,0.015656,0.121512
0.565887,0.459316,0.862667,0.015653,0.121681
0.570886,0.459384,0.862544,0.015650,0.121805
0.575885,0.459388,0.862538,0.015650,0.121812
0.580884,0.459570,0.862396,0.015643,0.121960
0.585883,0.459650,0.862255,0.015642,0.122103
0.590882,0.459763,0.862170,0.015637,0.122192
0.595881,0.459783,0.862133,0.015636,0.122231
0.600880,0.459795,0.862111,0.015635,0.122254
0.605879,0.459863,0.861979,0.015633,0.122388
0.610878,0.459863,0.861979,0.015633,0.122388
0.615877,0.460173,0.861400,0.015624,0.122976
0.620876,0.460173,0.861400,0.015624,0.122976
0.625875,0.460173,0.861400,0.015624,0.122976
0.630874,0.460173,0.861400,0.015624,0.122976
0.635873,0.460217,0.861327,0.015623,0.123050
0.640872,0.460261,0.861245,0.015621,0.123134
0.645871,0.460261,0.861245,0.015621,0.123134
0.650870,0.461503,0.859233,0.015591,0.125176
0.655869,0.461535,0.859180,0.015590,0.125230
0.660868,0.461555,0.859144,0.015590,0.125266
0.665867,0.461603,0.859065,0.015589,0.125346
0.670866,0.461627,0.859019,0.015588,0.125393
0.675865,0.461635,0.859006,0.015588,0.125406
0.680864,0.461663,0.858955,0.015586,0.125459
0.685863,0.461679,0.858925,0.015585,0.125490
0.690862,0.461747,0.858808,0.015583,0.125609
0.695861,0.461747,0.858808,0.015583,0.125609
0.700860,0.461767,0.858772,0.015582,0.125646
0.705859,0.461792,0.858714,0.015580,0.125706
0.710858,0.461852,0.858606,0.015579,0.125815
0.715857,0.461852,0.858606,0.015579,0.125815
0.720856,0.461868,0.858574,0.015579,0.125847
0.725855,0.461868,0.858574,0.015579,0.125847
0.730854,0.461868,0.858574,0.015579,0.125847
0.735853,0.461868,0.858574,0.015579,0.125847
0.740852,0.461900,0.858515,0.015577,0.125907
0.745851,0.461980,0.858380,0.015575,0.126045
0.750850,0.461988,0.858365,0.015575,0.126060
0.755849,0.462048,0.858255,0.015573,0.126173
0.760848,0.462205,0.858000,0.015569,0.126431
0.765846,0.462225,0.857963,0.015568,0.126469
0.770845,0.462225,0.857963,0.015568,0.126469
0.775844,0.462265,0.857885,0.015567,0.126548
0.780843,0.462318,0.857797,0.015566,0.126637
0.785842,0.462318,0.857797,0.015566,0.126637
0.790841,0.462318,0.857797,0.015566,0.126637
0.795840,0.462321,0.857788,0.015565,0.126647
0.800839,0.463229,0.856066,0.015546,0.128389
0.805838,0.464119,0.854363,0.015511,0.130126
0.810837,0.464131,0.854341,0.015510,0.130149
0.815836,0.464147,0.854312,0.015509,0.130179
0.820835,0.464175,0.854261,0.015508,0.130232
0.825834,0.464203,0.854215,0.015507,0.130278
0.830833,0.464255,0.854117,0.015504,0.130379
0.835832,0.464283,0.854071,0.015504,0.130425
0.840831,0.464327,0.853991,0.015502,0.130507
0.845830,0.464609,0.853665,0.015492,0.130843
0.850829,0.464613,0.853658,0.015491,0.130851
0.855828,0.464613,0.853658,0.015491,0.130851
0.860827,0.464689,0.853517,0.015490,0.130993
0.865826,0.464709,0.853480,0.015489,0.131031
0.870825,0.464709,0.853480,0.015489,0.131031
0.875824,0.464738,0.853430,0.015488,0.131082
0.880823,0.464738,0.853430,0.015488,0.131082
0.885822,0.464738,0.853430,0.015488,0.131082
0.890821,0.464734,0.853436,0.015488,0.131076
0.895820,0.464500,0.853880,0.015497,0.130623
0.900819,0.464500,0.853880,0.015497,0.130623
0.905818,0.464500,0.853880,0.015497,0.130623
0.910817,0.464520,0.853848,0.015497,0.130656
0.915816,0.464887,0.853196,0.015483,0.131321
0.920815,0.465178,0.852682,0.015476,0.131842
0.925814,0.465195,0.852656,0.015476,0.131868
0.930813,0.465195,0.852656,0.015476,0.131868
0.935812,0.465251,0.852573,0.015475,0.131953
0.940811,0.465363,0.852377,0.015472,0.132151
0.945810,0.465347,0.852389,0.015473,0.132138
0.950809,0.465641,0.852031,0.015463,0.132506
0.955808,0.465718,0.851886,0.015460,0.132654
0.960807,0.465778,0.851779,0.015459,0.132763
0.965806,0.465778,0.851779,0.015459,0.132763
0.970805,0.465838,0.851665,0.015457,0.132878
0.975804,0.465838,0.851665,0.015457,0.132878
0.980803,0.465915,0.851522,0.015454,0.133024
0.985802,0.465935,0.851483,0.015454,0.133063
0.990801,0.465935,0.851483,0.015454,0.133063
0.995800,0.465939,0.851471,0.015454,0.133075
1.000799,0.465939,0.851471,0.015454,0.133075
1.005798,0.465971,0.851411,0.015452,0.133137
1.010797,0.465917,0.851508,0.015453,0.133038
1.015796,0.465917,0.851508,0.015453,0.133038
1.020795,0.466054,0.851289,0.015450,0.133260
1.025794,0.466090,0.851229,0.015449,0.133321
1.030793,0.466090,0.851229,0.015449,0.133321
1.035792,0.466090,0.851229,0.015449,0.133321
1.040791,0.466118,0.851184,0.015449,0.133367
1.045790,0.466126,0.851170,0.015448,0.133382
1.050789,0.466178,0.851081,0.015446,0.133473
1.055788,0.466478,0.850535,0.015440,0.134026
1.060787,0.466574,0.850381,0.015438,0.134181
1.065786,0.466598,0.850338,0.015436,0.134227
1.070785,0.466654,0.850235,0.015435,0.134331
1.075784,0.466782,0.850024,0.015432,0.134544
1.080783,0.466802,0.849987,0.015431,0.134582
1.085782,0.467132,0.849372,0.015415,0.135214
1.090781,0.467140,0.849357,0.015414,0.135229
1.095780,0.467148,0.849345,0.015414,0.135241
1.100780,0.467148,0.849345,0.015414,0.135241
1.105779,0.467148,0.849345,0.015414,0.135241
1.110778,0.467278,0.849118,0.015411,0.135471
1.115777,0.467278,0.849118,0.015411,0.135471
1.120776,0.467286,0.849102,0.015411,0.135487
1.125775,0.467334,0.849015,0.015410,0.135575
1.130774,0.467334,0.849015,0.015410,0.135575
1.135773,0.467334,0.849015,0.015410,0.135575
1.140772,0.467334,0.849015,0.015410,0.135575
1.145771,0.467334,0.849015,0.015410,0.135575
1.150770,0.467334,0.849015,0.015410,0.135575
1.155769,0.467334,0.849015,0.015410,0.135575
1.160768,0.467334,0.849015,0.015410,0.135575
1.165767,0.467334,0.849015,0.015410,0.135575
1.170766,0.467334,0.849015,0.015410,0.135575
1.175765,0.467346,0.848996,0.015410,0.135595
1.180764,0.467346,0.848996,0.015410,0.135595
1.185763,0.467338,0.849010,0.015410,0.135580
1.190762,0.467338,0.849010,0.015410,0.135580
1.195761,0.467338,0.849010,0.015410,0.135580
1.200760,0.467358,0.848974,0.015409,0.135617
1.205759,0.467358,0.848974,0.015409,0.135617
1.210758,0.467358,0.848974,0.015409,0.135617
1.215757,0.467394,0.848917,0.015408,0.135675
1.220757,0.467402,0.848903,0.015408,0.135689
1.225756,0.467442,0.848833,0.015407,0.135760
1.230755,0.467450,0.848820,0.015407,0.135773
1.235754,0.467450,0.848820,0.015407,0.135773
1.240753,0.467458,0.848805,0.015406,0.135789
1.245752,0.467523,0.848692,0.015404,0.135904
1.250751,0.467523,0.848692,0.015404,0.135904
1.255750,0.467652,0.848526,0.015615,0.135860
1.260749,0.467652,0.848526,0.015615,0.135860
1.265748,0.467660,0.848513,0.015615,0.135873
1.270747,0.467816,0.848266,0.015611,0.136123
1.275746,0.467816,0.848266,0.015611,0.136123
1.280745,0.467816,0.848266,0.015611,0.136123
1.285744,0.468010,0.848048,0.015706,0.136246
1.290743,0.468010,0.848048,0.015706,0.136246
1.295742,0.468010,0.848048,0.015706,0.136246
1.300741,0.468010,0.848048,0.015706,0.136246
1.305740,0.468010,0.848048,0.015706,0.136246
1.310739,0.468042,0.847990,0.015706,0.136305
1.315738,0.468042,0.847990,0.015706,0.136305
1.320737,0.468042,0.847990,0.015706,0.136305
1.325736,0.468042,0.847990,0.015706,0.136305
1.330735,0.468082,0.847924,0.015705,0.136371
1.335734,0.468078,0.847931,0.015705,0.136364
1.340734,0.468106,0.847887,0.015704,0.136409
1.345733,0.468106,0.847887,0.015704,0.136409
1.350732,0.468106,0.847886,0.015704,0.136410
1.355731,0.468106,0.847886,0.015704,0.136410
1.360730,0.468122,0.847856,0.015703,0.136440
1.365729,0.468170,0.847775,0.015701,0.136524
1.370728,0.468170,0.847775,0.015701,0.136524
1.375727,0.468170,0.847775,0.015701,0.136524
1.380726,0.468170,0.847775,0.015701,0.136524
1.385725,0.468170,0.847775,0.015701,0.136524
1.390724,0.468170,0.847775,0.015701,0.136524
1.395723,0.468170,0.847775,0.015701,0.136524
1.400722,0.468210,0.847712,0.015700,0.136587
1.405721,0.468214,0.847704,0.015700,0.136595
1.410720,0.468222,0.847689,0.015700,0.136611
1.415719,0.468258,0.847630,0.015699,0.136672
1.420718,0.468258,0.847630,0.015699,0.136672
1.425717,0.468250,0.847645,0.015699,0.136657
1.430716,0.468262,0.847626,0.015699,0.136676
1.435715,0.468262,0.847626,0.015699,0.136676
1.440714,0.468262,0.847626,0.015699,0.136676
1.445713,0.468262,0.847626,0.015699,0.136676
1.450712,0.468262,0.847626,0.015699,0.136676
1.455711,0.468262,0.847626,0.015699,0.136676
1.460711,0.468262,0.847626,0.015699,0.136676
1.465710,0.468302,0.847551,0.015697,0.136752
1.470709,0.468302,0.847551,0.015697,0.136752
1.475708,0.468357,0.847450,0.015693,0.136857
1.480707,0.468357,0.847450,0.015693,0.136857
1.485706,0.468357,0.847450,0.015693,0.136857
1.490705,0.468369,0.847427,0.015693,0.136880
1.495704,0.468369,0.847427,0.015693,0.136880
1.500703,0.468369,0.847427,0.015693,0.136880
1.505702,0.468426,0.847329,0.015691,0.136981
1.510701,0.468454,0.847285,0.015690,0.137025
1.515700,0.468454,0.847285,0.015690,0.137025
1.520699,0.468474,0.847254,0.015689,0.137057
1.525698,0.468514,0.847184,0.015688,0.137129
1.530697,0.468502,0.847207,0.015688,0.137105
1.535696,0.468502,0.847207,0.015688,0.137105
1.540695,0.468502,0.847207,0.015688,0.137105
1.545694,0.468530,0.847155,0.015687,0.137158
1.550693,0.468554,0.847117,0.015687,0.137196
1.555692,0.468554,0.847117,0.015687,0.137196
1.560691,0.468554,0.847117,0.015687,0.137196
1.565690,0.468554,0.847117,0.015687,0.137196
1.570689,0.468554,0.847117,0.015687,0.137196
1.575688,0.468554,0.847117,0.015687,0.137196
1.580688,0.468554,0.847117,0.015687,0.137196
1.585687,0.468554,0.847117,0.015687,0.137196
1.590686,0.468554,0.847117,0.015687,0.137196
1.595685,0.468554,0.847117,0.015687,0.137196
1.600684,0.468554,0.847116,0.015687,0.137197
1.605683,0.468554,0.847116,0.015687,0.137197
1.610682,0.468626,0.847004,0.015685,0.137311
1.615681,0.468662,0.846940,0.015684,0.137376
1.620680,0.468662,0.846940,0.015684,0.137376
1.625679,0.468694,0.846890,0.015684,0.137426
1.630678,0.468694,0.846890,0.015684,0.137426
1.635677,0.468694,0.846890,0.015684,0.137426
1.640676,0.468694,0.846890,0.015684,0.137426
1.645675,0.468706,0.846871,0.015683,0.137445
1.650674,0.468706,0.846871,0.015683,0.137445
1.655673,0.468706,0.846871,0.015683,0.137445
1.660672,0.468706,0.846871,0.015683,0.137445
1.665671,0.468706,0.846871,0.015683,0.137445
1.670670,0.468706,0.846871,0.015683,0.137445
1.675669,0.468706,0.846871,0.015683,0.137445
1.680668,0.468718,0.846853,0.015683,0.137464
1.685667,0.468718,0.846853,0.015683,0.137464
1.690666,0.468718,0.846853,0.015683,0.137464
1.695665,0.468718,0.846853,0.015683,0.137464
1.700665,0.468718,0.846853,0.015683,0.137464
1.705664,0.468718,0.846853,0.015683,0.137464
1.710663,0.468726,0.846840,0.015683,0.137477
1.715662,0.468726,0.846840,0.015683,0.137477
1.720661,0.468726,0.846840,0.015683,0.137477
1.725660,0.468726,0.846840,0.015683,0.137477
1.730659,0.468726,0.846840,0.015683,0.137477
1.735658,0.468726,0.846840,0.015683,0.137477
1.740657,0.468751,0.846803,0.015682,0.137515
1.745656,0.468751,0.846803,0.015682,0.137515
1.750655,0.468751,0.846803,0.015682,0.137515
1.755654,0.468751,0.846803,0.015682,0.137515
1.760653,0.468751,0.846803,0.015682,0.137515
1.765652,0.468751,0.846803,0.015682,0.137515
1.770651,0.468778,0.846752,0.015680,0.137567
1.775650,0.468778,0.846752,0.015680,0.137567
1.780649,0.468778,0.846752,0.015680,0.137567
1.785648,0.468778,0.846752,0.015680,0.137567
1.790647,0.468778,0.846752,0.015680,0.137567
1.795646,0.468778,0.846752,0.015680,0.137567
1.800645,0.468778,0.846752,0.015680,0.137567
1.805644,0.468831,0.846661,0.015679,0.137660
1.810643,0.469088,0.846264,0.015674,0.138062
1.815642,0.469064,0.846301,0.015674,0.138024
1.820642,0.469064,0.846301,0.015674,0.138024
1.825641,0.469064,0.846301,0.015674,0.138024
1.830640,0.469064,0.846301,0.015674,0.138024
1.835639,0.469064,0.846301,0.015674,0.138024
1.840638,0.469064,0.846301,0.015674,0.138024
1.845637,0.469076,0.846283,0.015674,0.138043
1.850636,0.469076,0.846283,0.015674,0.138043
1.855635,0.469124,0.846198,0.015671,0.138131
1.860634,0.469196,0.846072,0.015668,0.138259
1.865633,0.469196,0.846072,0.015668,0.138259
1.870632,0.469225,0.846024,0.015667,0.138309
1.875631,0.469257,0.845968,0.015666,0.138366
1.880630,0.469269,0.845946,0.015665,0.138389
1.885629,0.469269,0.845946,0.015665,0.138389
1.890628,0.469285,0.845921,0.015665,0.138414
1.895627,0.469285,0.845921,0.015665,0.138414
1.900626,0.469285,0.845921,0.015665,0.138414
1.905625,0.469285,0.845921,0.015665,0.138414
1.910624,0.469285,0.845921,0.015665,0.138414
1.915623,0.469273,0.845943,0.015666,0.138391
1.920622,0.469273,0.845943,0.015666,0.138391
1.925621,0.469273,0.845943,0.015666,0.138391
1.930620,0.469273,0.845943,0.015666,0.138391
1.935619,0.469273,0.845943,0.015666,0.138391
1.940619,0.469273,0.845943,0.015666,0.138391
1.945618,0.469273,0.845943,0.015666,0.138391
1.950617,0.469273,0.845943,0.015666,0.138391
1.955616,0.469273,0.845943,0.015666,0.138391
1.960615,0.469273,0.845943,0.015666,0.138391
1.965614,0.469273,0.845943,0.015666,0.138391
1.970613,0.469273,0.845943,0.015666,0.138391
1.975612,0.469297,0.845906,0.015665,0.138429
1.980611,0.469297,0.845906,0.015665,0.138429
1.985610,0.469313,0.845881,0.015665,0.138454
1.990609,0.469313,0.845881,0.015665,0.138454
1.995608,0.469313,0.845881,0.015665,0.138454
2.000607,0.469313,0.845881,0.015665,0.138454
2.005606,0.469313,0.845881,0.015665,0.138454
2.010605,0.469313,0.845881,0.015665,0.138454
2.015604,0.469313,0.845881,0.015665,0.138454
2.020603,0.469313,0.845881,0.015665,0.138454
2.025602,0.469313,0.845881,0.015665,0.138454
2.030601,0.469317,0.845875,0.015665,0.138461
2.035599,0.469297,0.845913,0.015665,0.138422
2.040598,0.469297,0.845913,0.015665,0.138422
2.045597,0.469297,0.845913,0.015665,0.138422
2.050596,0.469297,0.845913,0.015665,0.138422
2.055595,0.469297,0.845913,0.015665,0.138422
2.060594,0.469309,0.845890,0.015665,0.138445
2.065593,0.469309,0.845890,0.015665,0.138445
2.070592,0.469309,0.845890,0.015665,0.138445
2.075591,0.469309,0.845890,0.015665,0.138445
2.080590,0.469354,0.845813,0.015664,0.138523
2.085589,0.469394,0.845751,0.015663,0.138586
2.090588,0.469394,0.845751,0.015663,0.138586
2.095587,0.469394,0.845751,0.015663,0.138586
2.100585,0.469390,0.845760,0.015664,0.138576
2.105584,0.469390,0.845760,0.015664,0.138576
2.110583,0.469390,0.845760,0.015664,0.138576
2.115582,0.469390,0.845760,0.015664,0.138576
2.120581,0.469398,0.845746,0.015663,0.138591
2.125580,0.469406,0.845730,0.015663,0.138607
2.130579,0.469418,0.845707,0.015662,0.138631
2.135578,0.469382,0.845762,0.015663,0.138575
2.140577,0.469382,0.845762,0.015663,0.138575
2.145576,0.469382,0.845762,0.015663,0.138575
2.150575,0.469394,0.845744,0.015663,0.138594
2.155574,0.469394,0.845744,0.015663,0.138594
2.160573,0.469394,0.845744,0.015663,0.138594
2.165571,0.469394,0.845744,0.015663,0.138594
2.170570,0.469394,0.845744,0.015663,0.138594
2.175569,0.469394,0.845744,0.015663,0.138594
2.180568,0.469394,0.845744,0.015663,0.138594
2.185567,0.469394,0.845744,0.015663,0.138594
2.190566,0.469402,0.845729,0.015662,0.138609
2.195565,0.469402,0.845729,0.015662,0.138609
2.200564,0.469402,0.845729,0.015662,0.138609
2.205563,0.469402,0.845729,0.015662,0.138609
2.210562,0.469402,0.845729,0.015662,0.138609
2.215561,0.469410,0.845717,0.015662,0.138621
2.220560,0.469438,0.845709,0.015660,0.138631
2.225559,0.469438,0.845709,0.015660,0.138631
2.230557,0.469438,0.845709,0.015660,0.138631
2.235556,0.469438,0.845709,0.015660,0.138631
2.240555,0.469438,0.845709,0.015660,0.138631
2.245554,0.469458,0.845673,0.015659,0.138668
2.250553,0.469458,0.845673,0.015659,0.138668
2.255552,0.469458,0.845673,0.015659,0.138668
2.260551,0.469458,0.845673,0.015659,0.138668
2.265550,0.469482,0.845636,0.015659,0.138705
2.270549,0.469482,0.845636,0.015659,0.138705
2.275548,0.469490,0.845621,0.015658,0.138721
2.280547,0.469490,0.845621,0.015658,0.138721
2.285546,0.469490,0.845621,0.015658,0.138721
2.290545,0.469490,0.845621,0.015658,0.138721
2.295543,0.469490,0.845621,0.015658,0.138721
2.300542,0.469510,0.845588,0.015657,0.138755
2.305541,0.469510,0.845588,0.015657,0.138755
2.310540,0.469510,0.845588,0.015657,0.138755
2.315539,0.469510,0.845588,0.015657,0.138755
2.320538,0.469510,0.845588,0.015657,0.138755
2.325537,0.469510,0.845588,0.015657,0.138755
2.330536,0.469510,0.845588,0.015657,0.138755
2.335535,0.469510,0.845588,0.015657,0.138755
2.340534,0.469510,0.845588,0.015657,0.138755
2.345533,0.469518,0.845574,0.015657,0.138770
2.350532,0.469518,0.845574,0.015657,0.138770
2.355531,0.469518,0.845574,0.015657,0.138770
2.360529,0.469518,0.845574,0.015657,0.138770
2.365528,0.469409,0.845767,0.015662,0.138571
2.370527,0.469425,0.845741,0.015661,0.138598
2.375526,0.469425,0.845741,0.015661,0.138598
2.380525,0.469417,0.845752,0.015661,0.138586
2.385524,0.469417,0.845752,0.015661,0.138586
2.390523,0.469409,0.845764,0.015662,0.138574
2.395522,0.469409,0.845764,0.015662,0.138574
2.400521,0.469425,0.845740,0.015661,0.138599
2.405520,0.469425,0.845740,0.015661,0.138599
2.410519,0.469425,0.845740,0.015661,0.138599
2.415518,0.469448,0.845697,0.015660,0.138644
2.420516,0.469448,0.845697,0.015660,0.138644
2.425515,0.469448,0.845697,0.015660,0.138644
2.430514,0.469448,0.845697,0.015660,0.138644
2.435513,0.469448,0.845697,0.015660,0.138644
2.440512,0.469448,0.845697,0.015660,0.138644
2.445511,0.469448,0.845697,0.015660,0.138644
2.450510,0.469460,0.845678,0.015659,0.138662
2.455509,0.469460,0.845678,0.015659,0.138662
2.460508,0.469460,0.845678,0.015659,0.138662
2.465507,0.469460,0.845678,0.015659,0.138662
2.470506,0.469488,0.845628,0.015657,0.138714
2.475505,0.469488,0.845628,0.015657,0.138714
2.480504,0.469488,0.845628,0.015657,0.138714
2.485502,0.469488,0.845628,0.015657,0.138714
2.490501,0.469488,0.845628,0.015657,0.138714
2.495500,0.469488,0.845628,0.015657,0.138714
2.500499,0.469488,0.845628,0.015657,0.138714
2.505498,0.469488,0.845628,0.015657,0.138714
2.510497,0.469488,0.845628,0.015657,0.138714
2.515496,0.469337,0.845912,0.015663,0.138425
2.520495,0.469353,0.845882,0.015663,0.138455
2.525494,0.469361,0.845870,0.015662,0.138468
2.530493,0.469361,0.845870,0.015662,0.138468
2.535492,0.469361,0.845870,0.015662,0.138468
2.540491,0.469361,0.845870,0.015662,0.138468
2.545490,0.469361,0.845870,0.015662,0.138468
2.550488,0.469417,0.845784,0.015661,0.138555
2.555487,0.469446,0.845734,0.015660,0.138605
2.560486,0.469446,0.845734,0.015660,0.138605
2.565485,0.469446,0.845734,0.015660,0.138605
2.570484,0.469446,0.845734,0.015660,0.138605
2.575483,0.469450,0.845727,0.015660,0.138613
2.580482,0.469450,0.845727,0.015660,0.138613
2.585481,0.469450,0.845727,0.015660,0.138613
2.590480,0.469462,0.845709,0.015660,0.138631
2.595479,0.469462,0.845709,0.015660,0.138631
2.600478,0.469462,0.845709,0.015660,0.138631
2.605477,0.469462,0.845709,0.015660,0.138631
2.610476,0.469490,0.845666,0.015659,0.138675
2.615474,0.469490,0.845666,0.015659,0.138675
2.620473,0.469490,0.845666,0.015659,0.138675
2.625472,0.469510,0.845632,0.015658,0.138711
2.630471,0.469498,0.845650,0.015658,0.138692
2.635470,0.469498,0.845650,0.015658,0.138692
2.640469,0.469498,0.845650,0.015658,0.138692
2.645468,0.469494,0.845657,0.015658,0.138685
2.650467,0.469494,0.845657,0.015658,0.138685
2.655466,0.469494,0.845657,0.015658,0.138685
2.660465,0.469494,0.845657,0.015658,0.138685
2.665464,0.469494,0.845657,0.015658,0.138685
2.670463,0.469494,0.845657,0.015658,0.138685
2.675462,0.469534,0.845590,0.015657,0.138752
2.680460,0.469514,0.845626,0.015659,0.138715
2.685459,0.469522,0.845614,0.015659,0.138728
2.690458,0.469522,0.845614,0.015659,0.138728
2.695457,0.469522,0.845614,0.015659,0.138728
2.700456,0.469522,0.845614,0.015659,0.138728
2.705455,0.469522,0.845614,0.015659,0.138728
2.710454,0.469522,0.845614,0.015659,0.138728
2.715453,0.469522,0.845614,0.015659,0.138728
2.720452,0.469522,0.845614,0.015659,0.138728
2.725451,0.469522,0.845614,0.015659,0.138728
2.730450,0.469530,0.845598,0.015658,0.138743
2.735449,0.469530,0.845598,0.015658,0.138743
2.740448,0.469530,0.845598,0.015658,0.138743
2.745446,0.469530,0.845598,0.015658,0.138743
2.750445,0.469530,0.845598,0.015658,0.138743
2.755444,0.469530,0.845598,0.015658,0.138743
2.760443,0.469530,0.845598,0.015658,0.138743
2.765442,0.469530,0.845598,0.015658,0.138743
2.770441,0.469530,0.845598,0.015658,0.138743
2.775440,0.469530,0.845598,0.015658,0.138743
2.780439,0.469538,0.845584,0.015658,0.138758
2.785438,0.469502,0.845640,0.015659,0.138702
2.790437,0.469522,0.845609,0.015658,0.138733
2.795436,0.469522,0.845609,0.015658,0.138733
2.800435,0.469962,0.844813,0.015649,0.139537
2.805434,0.469962,0.844813,0.015649,0.139537
2.810432,0.469974,0.844792,0.015649,0.139560
2.815431,0.469974,0.844792,0.015649,0.139560
2.820430,0.469974,0.844792,0.015649,0.139560
2.825429,0.469974,0.844792,0.015649,0.139560
2.830428,0.469974,0.844792,0.015649,0.139560
2.835427,0.469974,0.844792,0.015649,0.139560
2.840426,0.469974,0.844792,0.015649,0.139560
2.845425,0.470150,0.844477,0.015645,0.139878
2.850424,0.470150,0.844477,0.015645,0.139878
2.855423,0.470150,0.844477,0.015645,0.139878
2.860422,0.470150,0.844477,0.015645,0.139878
2.865421,0.470162,0.844456,0.015645,0.139899
2.870420,0.470162,0.844456,0.015645,0.139899
2.875418,0.470182,0.844421,0.015644,0.139935
2.880417,0.470182,0.844421,0.015644,0.139935
2.885416,0.470182,0.844421,0.015644,0.139935
2.890415,0.470182,0.844421,0.015644,0.139935
2.895414,0.470182,0.844421,0.015644,0.139935
2.900413,0.470234,0.844328,0.015640,0.140032
2.905412,0.470242,0.844313,0.015640,0.140047
2.910411,0.470242,0.844313,0.015640,0.140047
2.915410,0.470250,0.844299,0.015640,0.140062
2.920409,0.470250,0.844299,0.015640,0.140062
2.925408,0.470250,0.844299,0.015640,0.140062
2.930407,0.470250,0.844299,0.015640,0.140062
2.935405,0.470250,0.844299,0.015640,0.140062
2.940404,0.470250,0.844299,0.015640,0.140062
2.945403,0.470250,0.844299,0.015640,0.140062
2.950402,0.470238,0.844317,0.015640,0.140043
2.955401,0.470238,0.844317,0.015640,0.140043
2.960400,0.470238,0.844317,0.015640,0.140043
2.965399,0.470246,0.844303,0.015640,0.140057
2.970398,0.470313,0.844182,0.015635,0.140183
2.975397,0.470342,0.844133,0.015634,0.140233
2.980396,0.470354,0.844115,0.015634,0.140251
2.985395,0.470354,0.844115,0.015634,0.140251
2.990394,0.470166,0.844451,0.015638,0.139912
2.995393,0.470166,0.844451,0.015638,0.139912
3.000391,0.470166,0.844451,0.015638,0.139912
3.005390,0.470166,0.844451,0.015638,0.139912
3.010389,0.470226,0.844359,0.015636,0.140005
3.015388,0.470234,0.844345,0.015636,0.140019
3.020387,0.470234,0.844345,0.015636,0.140019
3.025386,0.470234,0.844345,0.015636,0.140019
3.030385,0.470234,0.844345,0.015636,0.140019
3.035384,0.470234,0.844345,0.015636,0.140019
3.040383,0.470314,0.844216,0.015633,0.140151
3.045382,0.470358,0.844146,0.015632,0.140223
3.050381,0.470358,0.844146,0.015632,0.140223
3.055380,0.470358,0.844146,0.015632,0.140223
3.060379,0.470414,0.844042,0.015629,0.140329
3.065377,0.470414,0.844042,0.015629,0.140329
3.070376,0.470426,0.844020,0.015628,0.140351
3.075375,0.470426,0.844020,0.015628,0.140351
3.080374,0.470462,0.843961,0.015627,0.140412
3.085373,0.470446,0.843990,0.015628,0.140382
3.090372,0.470482,0.843925,0.015627,0.140447
3.095371,0.470515,0.843864,0.015626,0.140510
3.100370,0.470515,0.843864,0.015626,0.140510
3.105369,0.470515,0.843864,0.015626,0.140510
3.110368,0.470554,0.843800,0.015625,0.140575
3.115367,0.470554,0.843800,0.015625,0.140575
3.120366,0.470554,0.843800,0.015625,0.140575
3.125365,0.470554,0.843800,0.015625,0.140575
3.130363,0.470554,0.843800,0.015625,0.140575
3.135362,0.470554,0.843800,0.015625,0.140575
3.140361,0.470598,0.843722,0.015622,0.140656
3.145360,0.470598,0.843722,0.015622,0.140656
3.150359,0.470598,0.843722,0.015622,0.140656
3.155358,0.470598,0.843722,0.015622,0.140656
3.160357,0.470598,0.843722,0.015622,0.140656
3.165356,0.470598,0.843722,0.015622,0.140656
3.170355,0.470598,0.843722,0.015622,0.140656
3.175354,0.470598,0.843722,0.015622,0.140656
3.180353,0.470598,0.843722,0.015622,0.140656
3.185352,0.470598,0.843722,0.015622,0.140656
3.190351,0.470598,0.843722,0.015622,0.140656
3.195349,0.470598,0.843722,0.015622,0.140656
3.200348,0.470598,0.843722,0.015622,0.140656
3.205347,0.470598,0.843722,0.015622,0.140656
3.210346,0.470598,0.843722,0.015622,0.140656
3.215345,0.470562,0.843777,0.015623,0.140601
3.220344,0.470562,0.843777,0.015623,0.140601
3.225343,0.470562,0.843777,0.015623,0.140601
3.230342,0.470586,0.843740,0.015622,0.140638
3.235341,0.470634,0.843667,0.015621,0.140712
3.240340,0.470634,0.843667,0.015621,0.140712
3.245339,0.470654,0.843637,0.015621,0.140742
3.250338,0.470654,0.843637,0.015621,0.140742
3.255337,0.470654,0.843637,0.015621,0.140742
3.260335,0.470654,0.843637,0.015621,0.140742
3.265334,0.470654,0.843637,0.015621,0.140742
3.270333,0.470654,0.843637,0.015621,0.140742
3.275332,0.470654,0.843637,0.015621,0.140742
3.280331,0.470801,0.843361,0.015615,0.141024
3.285330,0.470801,0.843361,0.015615,0.141024
3.290329,0.470805,0.843355,0.015615,0.141030
3.295328,0.470805,0.843355,0.015615,0.141030
3.300327,0.470833,0.843312,0.015614,0.141073
3.305326,0.470833,0.843312,0.015614,0.141073
3.310325,0.470837,0.843306,0.015614,0.141080
3.315324,0.470869,0.843258,0.015614,0.141129
3.320323,0.470869,0.843258,0.015614,0.141129
3.325321,0.470933,0.843154,0.015611,0.141235
3.330320,0.470933,0.843154,0.015611,0.141235
3.335319,0.470933,0.843154,0.015611,0.141235
3.340318,0.470933,0.843154,0.015611,0.141235
3.345317,0.470933,0.843154,0.015611,0.141235
3.350316,0.470997,0.843057,0.015610,0.141333
3.355315,0.471025,0.843008,0.015608,0.141385
3.360314,0.471110,0.842865,0.015605,0.141530
3.365313,0.471114,0.842858,0.015604,0.141537
3.370312,0.471118,0.842852,0.015604,0.141543
3.375311,0.471118,0.842852,0.015604,0.141543
3.380310,0.471118,0.842852,0.015604,0.141543
3.385309,0.471118,0.842852,0.015604,0.141543
3.390307,0.471118,0.842852,0.015604,0.141543
3.395306,0.471118,0.842852,0.015604,0.141543
3.400305,0.471118,0.842852,0.015604,0.141543
3.405304,0.471118,0.842852,0.015604,0.141543
3.410303,0.471118,0.842852,0.015604,0.141543
3.415302,0.471118,0.842852,0.015604,0.141543
3.420301,0.471118,0.842852,0.015604,0.141543
3.425300,0.471118,0.842852,0.015604,0.141543
3.430299,0.471118,0.842852,0.015604,0.141543
3.435298,0.471118,0.842852,0.015604,0.141543
3.440297,0.471118,0.842852,0.015604,0.141543
3.445296,0.471118,0.842852,0.015604,0.141543
3.450294,0.471118,0.842852,0.015604,0.141543
3.455293,0.471118,0.842852,0.015604,0.141543
3.460292,0.471118,0.842852,0.015604,0.141543
3.465291,0.471118,0.842852,0.015604,0.141543
3.470290,0.471126,0.842838,0.015604,0.141558
3.475289,0.471134,0.842824,0.015603,0.141573
3.480288,0.471134,0.842824,0.015603,0.141573
3.485287,0.471134,0.842824,0.015603,0.141573
3.490286,0.471134,0.842824,0.015603,0.141573
3.495285,0.471134,0.842824,0.015603,0.141573
3.500284,0.471134,0.842824,0.015603,0.141573
3.505283,0.471162,0.842782,0.015603,0.141615
3.510282,0.471162,0.842782,0.015603,0.141615
3.515280,0.471147,0.842811,0.015605,0.141584
3.520279,0.471147,0.842811,0.015605,0.141584
3.525278,0.471147,0.842811,0.015605,0.141584
3.530277,0.471147,0.842811,0.015605,0.141584
3.535276,0.471210,0.842698,0.015601,0.141702
3.540275,0.471210,0.842698,0.015601,0.141702
3.545274,0.471210,0.842698,0.015601,0.141702
3.550273,0.471210,0.842698,0.015601,0.141702
3.555272,0.471210,0.842698,0.015601,0.141702
3.560271,0.471210,0.842698,0.015601,0.141702
3.565270,0.471230,0.842667,0.015600,0.141732
3.570269,0.471230,0.842667,0.015600,0.141732
3.575268,0.471266,0.842613,0.015600,0.141787
3.580266,0.471266,0.842613,0.015600,0.141787
3.585265,0.471294,0.842564,0.015598,0.141838
3.590264,0.471294,0.842564,0.015598,0.141838
3.595263,0.471294,0.842564,0.015598,0.141838
3.600262,0.471294,0.842564,0.015598,0.141838
3.605261,0.471306,0.842546,0.015597,0.141857
3.610260,0.471306,0.842546,0.015597,0.141857
3.615259,0.471306,0.842546,0.015597,0.141857
3.620258,0.471306,0.842546,0.015597,0.141857
3.625257,0.471306,0.842546,0.015597,0.141857
3.630256,0.471306,0.842546,0.015597,0.141857
3.635255,0.471306,0.842546,0.015597,0.141857
3.640254,0.471302,0.842553,0.015598,0.141849
3.645252,0.471302,0.842553,0.015598,0.141849
3.650251,0.471302,0.842553,0.015598,0.141849
3.655250,0.471302,0.842553,0.015598,0.141849
3.660249,0.471302,0.842553,0.015598,0.141849
3.665248,0.471302,0.842553,0.015598,0.141849
3.670247,0.471302,0.842553,0.015598,0.141849
3.675246,0.471302,0.842553,0.015598,0.141849
3.680245,0.471347,0.842477,0.015596,0.141927
3.685244,0.471347,0.842477,0.015596,0.141927
3.690243,0.471347,0.842477,0.015596,0.141927
3.695242,0.471347,0.842477,0.015596,0.141927
3.700241,0.471347,0.842477,0.015596,0.141927
3.705240,0.471375,0.842435,0.015595,0.141970
3.710238,0.471383,0.842421,0.015595,0.141985
3.715237,0.471383,0.842421,0.015595,0.141985
3.720236,0.471442,0.842315,0.015591,0.142094
3.725235,0.471442,0.842315,0.015591,0.142094
3.730234,0.471458,0.842283,0.015590,0.142127
3.735233,0.471366,0.842420,0.015592,0.141989
3.740232,0.471366,0.842420,0.015592,0.141989
3.745231,0.471366,0.842420,0.015592,0.141989
3.750230,0.471406,0.842341,0.015590,0.142069
3.755229,0.471406,0.842341,0.015590,0.142069
3.760228,0.471406,0.842341,0.015590,0.142069
3.765227,0.471418,0.842320,0.015590,0.142090
3.770226,0.471418,0.842320,0.015590,0.142090
3.775224,0.471418,0.842320,0.015590,0.142090
3.780223,0.471418,0.842320,0.015590,0.142090
3.785222,0.471455,0.842259,0.015589,0.142152
3.790221,0.471455,0.842259,0.015589,0.142152
3.795220,0.471455,0.842259,0.015589,0.142152
3.800219,0.471455,0.842259,0.015589,0.142152
3.805218,0.471479,0.842217,0.015588,0.142196
3.810217,0.471479,0.842217,0.015588,0.142196
3.815216,0.471507,0.842167,0.015586,0.142247
3.820215,0.471507,0.842167,0.015586,0.142247
3.825214,0.471486,0.842206,0.015586,0.142208
3.830213,0.471486,0.842206,0.015586,0.142208
3.835212,0.471486,0.842206,0.015586,0.142208
3.840210,0.471486,0.842206,0.015586,0.142208
3.845209,0.471486,0.842206,0.015586,0.142208
3.850208,0.471486,0.842206,0.015586,0.142208
3.855207,0.471486,0.842206,0.015586,0.142208
3.860206,0.471486,0.842206,0.015586,0.142208
3.865205,0.471486,0.842206,0.015586,0.142208
3.870204,0.471486,0.842206,0.015586,0.142208
3.875203,0.471486,0.842206,0.015586,0.142208
3.880202,0.471486,0.842206,0.015586,0.142208
3.885201,0.471519,0.842158,0.015586,0.142257
3.890200,0.471591,0.842049,0.015584,0.142366
3.895199,0.471619,0.842001,0.015584,0.142416
3.900198,0.471619,0.842001,0.015584,0.142416
3.905196,0.471619,0.842001,0.015584,0.142416
3.910195,0.471643,0.841959,0.015583,0.142458
3.915194,0.471647,0.841953,0.015583,0.142464
3.920193,0.471656,0.841941,0.015583,0.142476
3.925192,0.471664,0.841925,0.015583,0.142492
3.930191,0.471664,0.841925,0.015583,0.142492
3.935190,0.471664,0.841925,0.015583,0.142492
3.940189,0.471664,0.841925,0.015583,0.142492
3.945188,0.471664,0.841925,0.015583,0.142492
3.950187,0.471664,0.841925,0.015583,0.142492
3.955186,0.471664,0.841925,0.015583,0.142492
3.960185,0.471664,0.841925,0.015583,0.142492
3.965183,0.471688,0.841889,0.015582,0.142529
3.970182,0.471688,0.841889,0.015582,0.142529
3.975181,0.471688,0.841889,0.015582,0.142529
3.980180,0.471688,0.841889,0.015582,0.142529
3.985179,0.471688,0.841889,0.015582,0.142529
3.990178,0.471688,0.841889,0.015582,0.142529
3.995177,0.471688,0.841889,0.015582,0.142529
4.000176,0.471668,0.841924,0.015584,0.142492
4.005175,0.471724,0.841826,0.015581,0.142593
4.010174,0.471724,0.841826,0.015581,0.142593
4.015173,0.471724,0.841826,0.015581,0.142593
4.020173,0.471724,0.841826,0.015581,0.142593
4.025172,0.471724,0.841826,0.015581,0.142593
4.030171,0.471724,0.841826,0.015581,0.142593
4.035170,0.471724,0.841826,0.015581,0.142593
4.040169,0.471724,0.841826,0.015581,0.142593
4.045168,0.471724,0.841826,0.015581,0.142593
4.050168,0.471724,0.841826,0.015581,0.142593
4.055167,0.471724,0.841826,0.015581,0.142593
4.060166,0.471724,0.841826,0.015581,0.142593
4.065165,0.471724,0.841826,0.015581,0.142593
4.070164,0.471724,0.841826,0.015581,0.142593
4.075163,0.471724,0.841826,0.015581,0.142593
4.080163,0.471724,0.841826,0.015581,0.142593
4.085162,0.471724,0.841826,0.015581,0.142593
4.090161,0.471724,0.841826,0.015581,0.142593
4.095160,0.471724,0.841826,0.015581,0.142593
4.100159,0.471724,0.841826,0.015581,0.142593
4.105158,0.471724,0.841826,0.015581,0.142593
4.110157,0.471740,0.841799,0.015580,0.142621
4.115157,0.471740,0.841799,0.015580,0.142621
4.120156,0.471740,0.841799,0.015580,0.142621
4.125155,0.471740,0.841799,0.015580,0.142621
4.130154,0.471740,0.841799,0.015580,0.142621
4.135153,0.471740,0.841799,0.015580,0.142621
4.140152,0.471740,0.841799,0.015580,0.142621
4.145152,0.471740,0.841799,0.015580,0.142621
4.150151,0.471748,0.841787,0.015580,0.142633
4.155150,0.471748,0.841787,0.015580,0.142633
4.160149,0.471772,0.841745,0.015579,0.142677
4.165148,0.471772,0.841745,0.015579,0.142677
4.170147,0.471772,0.841745,0.015579,0.142677
4.175147,0.471772,0.841745,0.015579,0.142677
4.180146,0.471772,0.841745,0.015579,0.142677
4.185145,0.471772,0.841745,0.015579,0.142677
4.190144,0.471772,0.841745,0.015579,0.142677
4.195143,0.471772,0.841745,0.015579,0.142677
4.200142,0.471772,0.841745,0.015579,0.142677
4.205142,0.471772,0.841745,0.015579,0.142677
4.210141,0.471772,0.841745,0.015579,0.142677
4.215140,0.471772,0.841745,0.015579,0.142677
4.220139,0.471808,0.841682,0.015576,0.142742
4.225138,0.471808,0.841682,0.015576,0.142742
4.230137,0.471808,0.841682,0.015576,0.142742
4.235137,0.471808,0.841682,0.015576,0.142742
4.240136,0.471808,0.841682,0.015576,0.142742
4.245135,0.471808,0.841682,0.015576,0.142742
4.250134,0.471808,0.841682,0.015576,0.142742
4.255133,0.471808,0.841682,0.015576,0.142742
4.260132,0.471820,0.841661,0.015575,0.142764
4.265131,0.471848,0.841619,0.015575,0.142807
4.270131,0.471848,0.841619,0.015575,0.142807
4.275130,0.471860,0.841601,0.015574,0.142825
4.280129,0.471860,0.841601,0.015574,0.142825
4.285128,0.471912,0.841523,0.015573,0.142904
4.290127,0.471864,0.841607,0.015577,0.142816
4.295126,0.471884,0.841577,0.015576,0.142847
4.300126,0.471888,0.841571,0.015576,0.142853
4.305125,0.471888,0.841571,0.015576,0.142853
4.310124,0.471888,0.841571,0.015576,0.142853
4.315123,0.471888,0.841571,0.015576,0.142853
4.320122,0.471908,0.841541,0.015576,0.142883
4.325121,0.471908,0.841541,0.015576,0.142883
4.330121,0.471908,0.841541,0.015576,0.142883
4.335120,0.471916,0.841527,0.015575,0.142897
4.340119,0.471916,0.841527,0.015575,0.142897
4.345118,0.471916,0.841527,0.015575,0.142897
4.350117,0.471869,0.841612,0.015578,0.142810
4.355116,0.471869,0.841612,0.015578,0.142810
4.360116,0.471869,0.841612,0.015578,0.142810
4.365115,0.471869,0.841612,0.015578,0.142810
4.370114,0.471869,0.841612,0.015578,0.142810
4.375113,0.471869,0.841612,0.015578,0.142810
4.380112,0.471877,0.841600,0.015578,0.142822
4.385111,0.471877,0.841600,0.015578,0.142822
4.390110,0.472213,0.841003,0.015571,0.143426
4.395110,0.472213,0.841003,0.015571,0.143426
4.400109,0.472213,0.841003,0.015571,0.143426
4.405108,0.472213,0.841003,0.015571,0.143426
4.410107,0.472213,0.841003,0.015571,0.143426
4.415106,0.472261,0.840931,0.015570,0.143499
4.420105,0.472261,0.840931,0.015570,0.143499
4.425105,0.472500,0.840522,0.015565,0.143913
4.430104,0.472500,0.840522,0.015565,0.143913
