value,total_removed,ground_removed,cone_removed,unassigned_removed
64.000000,0.490127,0.849555,0.019308,0.131137
64.447998,0.490127,0.849555,0.019308,0.131137
64.895996,0.490127,0.849555,0.019308,0.131137
65.343994,0.488147,0.854770,0.018613,0.126617
65.791992,0.488147,0.854770,0.018613,0.126617
66.239990,0.488933,0.854265,0.018345,0.127390
66.687988,0.488933,0.854265,0.018345,0.127390
67.135986,0.490265,0.851975,0.018226,0.129800
67.583984,0.490265,0.851975,0.018226,0.129800
68.031982,0.489102,0.853093,0.018713,0.128194
68.479980,0.489102,0.853093,0.018713,0.128194
68.927979,0.489102,0.853093,0.018713,0.128194
69.375977,0.491158,0.853373,0.018511,0.128116
69.823975,0.491158,0.853373,0.018511,0.128116
70.271973,0.490641,0.852313,0.019465,0.128222
70.719971,0.490641,0.852313,0.019465,0.128222
71.167969,0.492733,0.850757,0.019508,0.129734
71.615967,0.492733,0.850757,0.019508,0.129734
72.063965,0.491260,0.849730,0.018512,0.131758
72.511963,0.491260,0.849730,0.018512,0.131758
72.959961,0.491260,0.849730,0.018512,0.131758
73.407959,0.489685,0.852678,0.018529,0.128792
73.855957,0.489685,0.852678,0.018529,0.128792
74.303955,0.487657,0.852647,0.018830,0.128523
74.751953,0.487657,0.852647,0.018830,0.128523
75.199951,0.490452,0.851052,0.018812,0.130136
75.647949,0.490452,0.851052,0.018812,0.130136
76.095947,0.492109,0.850011,0.019308,0.130682
76.543945,0.492109,0.850011,0.019308,0.130682
76.991943,0.492109,0.850011,0.019308,0.130682
77.439941,0.489910,0.849800,0.018491,0.131709
77.887939,0.489910,0.849800,0.018491,0.131709
78.335938,0.489357,0.849291,0.018359,0.132350
78.783936,0.489357,0.849291,0.018359,0.132350
79.231934,0.495936,0.848090,0.019114,0.132796
79.679932,0.495936,0.848090,0.019114,0.132796
80.127930,0.489821,0.850555,0.019520,0.129925
80.575928,0.489821,0.850555,0.019520,0.129925
81.023926,0.493783,0.848999,0.019371,0.131630
81.471924,0.493783,0.848999,0.019371,0.131630
81.919922,0.493783,0.848999,0.019371,0.131630
82.367920,0.493415,0.850203,0.018645,0.131153
82.815918,0.493415,0.850203,0.018645,0.131153
83.263916,0.488562,0.849391,0.019053,0.131556
83.711914,0.488562,0.849391,0.019053,0.131556
84.159912,0.495709,0.848150,0.018751,0.133099
84.607910,0.495709,0.848150,0.018751,0.133099
85.055908,0.492154,0.849831,0.019473,0.130695
85.503906,0.492154,0.849831,0.019473,0.130695
85.951904,0.492154,0.849831,0.019473,0.130695
86.399902,0.494352,0.847085,0.019944,0.132972
86.847900,0.494352,0.847085,0.019944,0.132972
87.295898,0.492166,0.848854,0.019439,0.131707
87.743896,0.492166,0.848854,0.019439,0.131707
88.191895,0.490791,0.849367,0.019441,0.131192
88.639893,0.490791,0.849367,0.019441,0.131192
89.087891,0.493520,0.847630,0.019318,0.133052
89.535889,0.493520,0.847630,0.019318,0.133052
89.983887,0.493520,0.847630,0.019318,0.133052
90.431885,0.494607,0.847368,0.019394,0.133237
90.879883,0.494607,0.847368,0.019394,0.133237
91.327881,0.491892,0.846420,0.019301,0.134279
91.775879,0.491892,0.846420,0.019301,0.134279
92.223877,0.493089,0.849460,0.019766,0.130774
92.671875,0.493089,0.849460,0.019766,0.130774
93.119873,0.494366,0.846796,0.018380,0.134824
93.567871,0.494366,0.846796,0.018380,0.134824
94.015869,0.487430,0.851468,0.018316,0.130217
94.463867,0.487430,0.851468,0.018316,0.130217
94.911865,0.487430,0.851468,0.018316,0.130217
95.359863,0.491602,0.847273,0.019632,0.133094
95.807861,0.491602,0.847273,0.019632,0.133094
96.255859,0.494134,0.848178,0.019409,0.132413
96.703857,0.494134,0.848178,0.019409,0.132413
97.151855,0.495516,0.847244,0.019435,0.133322
97.599854,0.495516,0.847244,0.019435,0.133322
98.047852,0.492424,0.847670,0.019316,0.133013
98.495850,0.492424,0.847670,0.019316,0.133013
98.943848,0.492424,0.847670,0.019316,0.133013
99.391846,0.491409,0.846014,0.018921,0.135065
99.839844,0.491409,0.846014,0.018921,0.135065
100.287842,0.490638,0.849084,0.018583,0.132332
100.735840,0.490638,0.849084,0.018583,0.132332
101.183838,0.494435,0.845777,0.020349,0.133874
101.631836,0.494435,0.845777,0.020349,0.133874
102.079834,0.493304,0.848702,0.019972,0.131326
102.527832,0.493304,0.848702,0.019972,0.131326
102.975830,0.493304,0.848702,0.019972,0.131326
103.423828,0.488229,0.850472,0.018929,0.130598
103.871826,0.488229,0.850472,0.018929,0.130598
104.319824,0.495737,0.845721,0.020043,0.134236
104.767822,0.495737,0.845721,0.020043,0.134236
105.215820,0.493612,0.846231,0.019588,0.134181
105.663818,0.493612,0.846231,0.019588,0.134181
106.111816,0.489561,0.847165,0.019275,0.133560
106.559814,0.489561,0.847165,0.019275,0.133560
107.007812,0.488629,0.849276,0.019343,0.131381
107.455811,0.488629,0.849276,0.019343,0.131381
107.903809,0.488629,0.849276,0.019343,0.131381
108.351807,0.492536,0.844719,0.019561,0.135720
108.799805,0.492536,0.844719,0.019561,0.135720
109.247803,0.496338,0.845604,0.019772,0.134624
109.695801,0.496338,0.845604,0.019772,0.134624
110.143799,0.492971,0.845904,0.019676,0.134421
110.591797,0.492971,0.845904,0.019676,0.134421
111.039795,0.491365,0.845734,0.019719,0.134547
111.487793,0.491365,0.845734,0.019719,0.134547
111.935791,0.491365,0.845734,0.019719,0.134547
112.383789,0.493950,0.846117,0.019349,0.134534
112.831787,0.493950,0.846117,0.019349,0.134534
113.279785,0.491899,0.845495,0.019031,0.135474
113.727783,0.491899,0.845495,0.019031,0.135474
114.175781,0.490241,0.847615,0.019384,0.133001
114.623779,0.490241,0.847615,0.019384,0.133001
115.071777,0.494525,0.844325,0.019967,0.135708
115.519775,0.494525,0.844325,0.019967,0.135708
115.967773,0.494525,0.844325,0.019967,0.135708
116.415771,0.494154,0.844554,0.019706,0.135741
116.863770,0.494154,0.844554,0.019706,0.135741
117.311768,0.492217,0.845289,0.020309,0.134402
117.759766,0.492217,0.845289,0.020309,0.134402
118.207764,0.492400,0.842830,0.020279,0.136891
118.655762,0.492400,0.842830,0.020279,0.136891
119.103760,0.491990,0.843756,0.020177,0.136067
119.551758,0.491990,0.843756,0.020177,0.136067
119.999756,0.491990,0.843756,0.020177,0.136067
120.447754,0.492467,0.843930,0.019434,0.136636
120.895752,0.492467,0.843930,0.019434,0.136636
121.343750,0.492353,0.845709,0.019242,0.135049
121.791748,0.492353,0.845709,0.019242,0.135049
122.239746,0.494557,0.841867,0.020052,0.138081
122.687744,0.494557,0.841867,0.020052,0.138081
123.135742,0.492964,0.844901,0.019574,0.135525
123.583740,0.492964,0.844901,0.019574,0.135525
124.031738,0.491949,0.845055,0.020076,0.134869
124.479736,0.491949,0.845055,0.020076,0.134869
124.927734,0.491949,0.845055,0.020076,0.134869
125.375732,0.494412,0.846623,0.020262,0.133115
125.823730,0.494412,0.846623,0.020262,0.133115
126.271729,0.496199,0.840689,0.020242,0.139069
126.719727,0.496199,0.840689,0.020242,0.139069
127.167725,0.490822,0.846860,0.019472,0.133669
127.615723,0.490822,0.846860,0.019472,0.133669
128.063721,0.493767,0.840756,0.019605,0.139639
128.511719,0.493767,0.840756,0.019605,0.139639
128.959717,0.493767,0.840756,0.019605,0.139639
129.407715,0.491953,0.847042,0.019872,0.133086
129.855713,0.491953,0.847042,0.019872,0.133086
130.303711,0.494404,0.841015,0.020133,0.138853
130.751709,0.494404,0.841015,0.020133,0.138853
131.199707,0.491292,0.844212,0.020532,0.135256
131.647705,0.491292,0.844212,0.020532,0.135256
132.095703,0.493773,0.844493,0.019926,0.135581
132.543701,0.493773,0.844493,0.019926,0.135581
132.991699,0.493773,0.844493,0.019926,0.135581
133.439697,0.490895,0.847845,0.019893,0.132262
133.887695,0.490895,0.847845,0.019893,0.132262
134.335693,0.491529,0.842308,0.019225,0.138467
134.783691,0.491529,0.842308,0.019225,0.138467
135.231689,0.493519,0.845758,0.020484,0.133757
135.679688,0.493519,0.845758,0.020484,0.133757
136.127686,0.489000,0.844292,0.020406,0.135303
136.575684,0.489000,0.844292,0.020406,0.135303
137.023682,0.488715,0.846037,0.020331,0.133632
137.471680,0.488715,0.846037,0.020331,0.133632
137.919678,0.488715,0.846037,0.020331,0.133632
138.367676,0.491155,0.843783,0.019776,0.136441
138.815674,0.491155,0.843783,0.019776,0.136441
139.263672,0.487693,0.847354,0.020016,0.132630
139.711670,0.487693,0.847354,0.020016,0.132630
140.159668,0.490098,0.846058,0.019899,0.134043
140.607666,0.490098,0.846058,0.019899,0.134043
141.055664,0.490853,0.846946,0.020472,0.132582
141.503662,0.490853,0.846946,0.020472,0.132582
141.951660,0.490853,0.846946,0.020472,0.132582
142.399658,0.492015,0.845885,0.020629,0.133486
142.847656,0.492015,0.845885,0.020629,0.133486
143.295654,0.492996,0.844799,0.020370,0.134830
143.743652,0.492996,0.844799,0.020370,0.134830
144.191650,0.490916,0.846471,0.019875,0.133654
144.639648,0.490916,0.846471,0.019875,0.133654
145.087646,0.490628,0.844911,0.019765,0.135323
145.535645,0.490628,0.844911,0.019765,0.135323
145.983643,0.490628,0.844911,0.019765,0.135323
146.431641,0.489961,0.846113,0.020338,0.133549
146.879639,0.489961,0.846113,0.020338,0.133549
147.327637,0.486251,0.847526,0.020124,0.132350
147.775635,0.486251,0.847526,0.020124,0.132350
148.223633,0.485933,0.848293,0.020240,0.131466
148.671631,0.485933,0.848293,0.020240,0.131466
149.119629,0.488631,0.845213,0.019622,0.135164
149.567627,0.488631,0.845213,0.019622,0.135164
150.015625,0.487364,0.846259,0.019131,0.134610
150.463623,0.487364,0.846259,0.019131,0.134610
150.911621,0.487364,0.846259,0.019131,0.134610
151.359619,0.494651,0.842811,0.019253,0.137936
151.807617,0.494651,0.842811,0.019253,0.137936
152.255615,0.489983,0.848456,0.019681,0.131863
152.703613,0.489983,0.848456,0.019681,0.131863
153.151611,0.488958,0.846563,0.019749,0.133688
153.599609,0.488958,0.846563,0.019749,0.133688
154.047607,0.489663,0.848447,0.018448,0.133105
154.495605,0.489663,0.848447,0.018448,0.133105
154.943604,0.489663,0.848447,0.018448,0.133105
155.391602,0.491361,0.847625,0.018873,0.133501
155.839600,0.491361,0.847625,0.018873,0.133501
156.287598,0.491407,0.847853,0.019043,0.133105
156.735596,0.491407,0.847853,0.019043,0.133105
157.183594,0.491759,0.848500,0.018827,0.132672
157.631592,0.491759,0.848500,0.018827,0.132672
158.079590,0.492440,0.847292,0.019215,0.133494
158.527588,0.492440,0.847292,0.019215,0.133494
158.975586,0.492440,0.847292,0.019215,0.133494
159.423584,0.490602,0.847890,0.019214,0.132896
159.871582,0.490602,0.847890,0.019214,0.132896
160.319580,0.489645,0.849630,0.018136,0.132235
160.767578,0.489645,0.849630,0.018136,0.132235
161.215576,0.489328,0.849873,0.018164,0.131962
161.663574,0.489328,0.849873,0.018164,0.131962
162.111572,0.490702,0.848115,0.018618,0.133266
162.559570,0.490702,0.848115,0.018618,0.133266
163.007568,0.491184,0.844908,0.018499,0.136593
163.455566,0.491184,0.844908,0.018499,0.136593
163.903564,0.491184,0.844908,0.018499,0.136593
164.351562,0.491693,0.847337,0.018392,0.134271
164.799561,0.491693,0.847337,0.018392,0.134271
165.247559,0.492719,0.847727,0.018368,0.133905
165.695557,0.492719,0.847727,0.018368,0.133905
166.143555,0.487331,0.850817,0.018503,0.130680
166.591553,0.487331,0.850817,0.018503,0.130680
167.039551,0.485858,0.853997,0.018109,0.127894
167.487549,0.485858,0.853997,0.018109,0.127894
167.935547,0.485858,0.853997,0.018109,0.127894
168.383545,0.487403,0.853619,0.018157,0.128224
168.831543,0.487403,0.853619,0.018157,0.128224
169.279541,0.486594,0.852529,0.018365,0.129106
169.727539,0.486594,0.852529,0.018365,0.129106
170.175537,0.486025,0.854603,0.017691,0.127706
170.623535,0.486025,0.854603,0.017691,0.127706
171.071533,0.485590,0.853835,0.017710,0.128455
171.519531,0.485590,0.853835,0.017710,0.128455
171.967529,0.485590,0.853835,0.017710,0.128455
172.415527,0.486274,0.855528,0.018125,0.126347
172.863525,0.486274,0.855528,0.018125,0.126347
173.311523,0.483831,0.854766,0.017845,0.127389
173.759521,0.483831,0.854766,0.017845,0.127389
174.207520,0.485551,0.854400,0.017721,0.127879
174.655518,0.485551,0.854400,0.017721,0.127879
175.103516,0.487181,0.853170,0.017808,0.129022
175.551514,0.487181,0.853170,0.017808,0.129022
175.999512,0.487181,0.853170,0.017808,0.129022
176.447510,0.480991,0.860231,0.017451,0.122318
176.895508,0.480991,0.860231,0.017451,0.122318
177.343506,0.481850,0.858652,0.017929,0.123419
177.791504,0.481850,0.858652,0.017929,0.123419
178.239502,0.483695,0.858436,0.017882,0.123682
178.687500,0.483695,0.858436,0.017882,0.123682
179.135498,0.482505,0.857636,0.017537,0.124827
179.583496,0.482505,0.857636,0.017537,0.124827
180.031494,0.481473,0.859418,0.017673,0.122909
180.479492,0.481473,0.859418,0.017673,0.122909
180.927490,0.481473,0.859418,0.017673,0.122909
181.375488,0.482621,0.858363,0.017643,0.123994
181.823486,0.482621,0.858363,0.017643,0.123994
182.271484,0.480204,0.858091,0.017085,0.124824
182.719482,0.480204,0.858091,0.017085,0.124824
183.167480,0.479361,0.857863,0.016448,0.125689
183.615479,0.479361,0.857863,0.016448,0.125689
184.063477,0.479388,0.857808,0.017047,0.125145
184.511475,0.479388,0.857808,0.017047,0.125145
184.959473,0.479388,0.857808,0.017047,0.125145
185.407471,0.479758,0.858061,0.016839,0.125099
185.855469,0.479758,0.858061,0.016839,0.125099
186.303467,0.480083,0.858462,0.017457,0.124081
186.751465,0.480083,0.858462,0.017457,0.124081
187.199463,0.479120,0.857389,0.016980,0.125631
187.647461,0.479120,0.857389,0.016980,0.125631
188.095459,0.480537,0.859268,0.016573,0.124158
188.543457,0.480537,0.859268,0.016573,0.124158
188.991455,0.480537,0.859268,0.016573,0.124158
189.439453,0.478935,0.858996,0.017501,0.123503
189.887451,0.478935,0.858996,0.017501,0.123503
190.335449,0.478195,0.857973,0.016974,0.125052
190.783447,0.478195,0.857973,0.016974,0.125052
191.231445,0.483042,0.855641,0.017862,0.126497
191.679443,0.483042,0.855641,0.017862,0.126497
192.127441,0.479029,0.857135,0.017673,0.125192
192.575439,0.479029,0.857135,0.017673,0.125192
193.023438,0.477733,0.858662,0.016777,0.124561
193.471436,0.477733,0.858662,0.016777,0.124561
193.919434,0.477733,0.858662,0.016777,0.124561
194.367432,0.480399,0.859190,0.016619,0.124191
194.815430,0.480399,0.859190,0.016619,0.124191
195.263428,0.474867,0.858217,0.016263,0.125521
195.711426,0.474867,0.858217,0.016263,0.125521
196.159424,0.476327,0.859118,0.016127,0.124756
196.607422,0.476327,0.859118,0.016127,0.124756
197.055420,0.474970,0.859771,0.016254,0.123975
197.503418,0.474970,0.859771,0.016254,0.123975
197.951416,0.474970,0.859771,0.016254,0.123975
198.399414,0.472251,0.861889,0.015861,0.122249
198.847412,0.472251,0.861889,0.015861,0.122249
199.295410,0.474522,0.861228,0.015798,0.122974
199.743408,0.474522,0.861228,0.015798,0.122974
200.191406,0.471885,0.864446,0.015965,0.119589
200.639404,0.471885,0.864446,0.015965,0.119589
201.087402,0.472966,0.860889,0.015868,0.123243
201.535400,0.472966,0.860889,0.015868,0.123243
201.983398,0.472966,0.860889,0.015868,0.123243
202.431396,0.472398,0.862813,0.016314,0.120873
202.879395,0.472398,0.862813,0.016314,0.120873
203.327393,0.469697,0.863574,0.016286,0.120139
203.775391,0.469697,0.863574,0.016286,0.120139
204.223389,0.470587,0.864431,0.016082,0.119487
204.671387,0.470587,0.864431,0.016082,0.119487
205.119385,0.470332,0.863313,0.015817,0.120870
205.567383,0.470332,0.863313,0.015817,0.120870
206.015381,0.467918,0.864835,0.015506,0.119660
206.463379,0.467918,0.864835,0.015506,0.119660
206.911377,0.467918,0.864835,0.015506,0.119660
207.359375,0.468414,0.864661,0.015031,0.120307
207.807373,0.468414,0.864661,0.015031,0.120307
208.255371,0.470189,0.863703,0.015789,0.120508
208.703369,0.470189,0.863703,0.015789,0.120508
209.151367,0.468979,0.864072,0.015761,0.120167
209.599365,0.468979,0.864072,0.015761,0.120167
210.047363,0.470880,0.864715,0.015596,0.119688
210.495361,0.470880,0.864715,0.015596,0.119688
210.943359,0.470880,0.864715,0.015596,0.119688
211.391357,0.468071,0.863632,0.015273,0.121094
211.839355,0.468071,0.863632,0.015273,0.121094
212.287354,0.468918,0.864103,0.015313,0.120584
212.735352,0.468918,0.864103,0.015313,0.120584
213.183350,0.468000,0.869511,0.015403,0.115086
213.631348,0.468000,0.869511,0.015403,0.115086
214.079346,0.463093,0.870271,0.015640,0.114089
214.527344,0.463093,0.870271,0.015640,0.114089
214.975342,0.463093,0.870271,0.015640,0.114089
215.423340,0.465249,0.869496,0.015155,0.115350
215.871338,0.465249,0.869496,0.015155,0.115350
216.319336,0.464650,0.871577,0.015187,0.113236
216.767334,0.464650,0.871577,0.015187,0.113236
217.215332,0.464672,0.870472,0.015463,0.114065
217.663330,0.464672,0.870472,0.015463,0.114065
218.111328,0.464496,0.871032,0.015609,0.113359
218.559326,0.464496,0.871032,0.015609,0.113359
219.007324,0.465023,0.869911,0.015664,0.114425
219.455322,0.465023,0.869911,0.015664,0.114425
219.903320,0.465023,0.869911,0.015664,0.114425
220.351318,0.462577,0.872801,0.015364,0.111834
220.799316,0.462577,0.872801,0.015364,0.111834
221.247314,0.465759,0.871334,0.015242,0.113424
221.695312,0.465759,0.871334,0.015242,0.113424
222.143311,0.464235,0.872595,0.015402,0.112003
222.591309,0.464235,0.872595,0.015402,0.112003
223.039307,0.461762,0.872588,0.015694,0.111718
223.487305,0.461762,0.872588,0.015694,0.111718
223.935303,0.461762,0.872588,0.015694,0.111718
224.383301,0.464090,0.873536,0.015360,0.111103
224.831299,0.464090,0.873536,0.015360,0.111103
225.279297,0.462718,0.874556,0.015589,0.109855
225.727295,0.462718,0.874556,0.015589,0.109855
226.175293,0.461681,0.874357,0.015361,0.110282
226.623291,0.461681,0.874357,0.015361,0.110282
227.071289,0.463655,0.873344,0.014975,0.111681
227.519287,0.463655,0.873344,0.014975,0.111681
227.967285,0.463655,0.873344,0.014975,0.111681
228.415283,0.461776,0.874370,0.015250,0.110380
228.863281,0.461776,0.874370,0.015250,0.110380
229.311279,0.462317,0.874643,0.015552,0.109805
229.759277,0.462317,0.874643,0.015552,0.109805
230.207275,0.463246,0.873395,0.015619,0.110987
230.655273,0.463246,0.873395,0.015619,0.110987
231.103271,0.460942,0.875166,0.015272,0.109562
231.551270,0.460942,0.875166,0.015272,0.109562
231.999268,0.460942,0.875166,0.015272,0.109562
232.447266,0.462187,0.874612,0.015228,0.110161
232.895264,0.462187,0.874612,0.015228,0.110161
233.343262,0.461359,0.874868,0.015265,0.109867
233.791260,0.461359,0.874868,0.015265,0.109867
234.239258,0.461658,0.874041,0.015330,0.110629
234.687256,0.461658,0.874041,0.015330,0.110629
235.135254,0.461811,0.871471,0.015283,0.113245
235.583252,0.461811,0.871471,0.015283,0.113245
236.031250,0.463233,0.870390,0.015591,0.114018
236.479248,0.463233,0.870390,0.015591,0.114018
236.927246,0.463233,0.870390,0.015591,0.114018
237.375244,0.461693,0.871850,0.015288,0.112862
237.823242,0.461693,0.871850,0.015288,0.112862
238.271240,0.461484,0.870377,0.015304,0.114319
238.719238,0.461484,0.870377,0.015304,0.114319
239.167236,0.461051,0.872285,0.015357,0.112358
239.615234,0.461051,0.872285,0.015357,0.112358
240.063232,0.459596,0.871033,0.015353,0.113614
240.511230,0.459596,0.871033,0.015353,0.113614
240.959229,0.459596,0.871033,0.015353,0.113614
241.407227,0.460222,0.871905,0.015386,0.112709
241.855225,0.460222,0.871905,0.015386,0.112709
242.303223,0.464185,0.870321,0.015023,0.114656
242.751221,0.464185,0.870321,0.015023,0.114656
243.199219,0.450781,0.873143,0.014876,0.111981
243.647217,0.450781,0.873143,0.014876,0.111981
244.095215,0.457904,0.870052,0.015648,0.114299
244.543213,0.457904,0.870052,0.015648,0.114299
244.991211,0.457904,0.870052,0.015648,0.114299
245.439209,0.456596,0.872398,0.015609,0.111993
245.887207,0.456596,0.872398,0.015609,0.111993
246.335205,0.456975,0.871671,0.015574,0.112755
246.783203,0.456975,0.871671,0.015574,0.112755
247.231201,0.455235,0.872481,0.015490,0.112029
247.679199,0.455235,0.872481,0.015490,0.112029
248.127197,0.453915,0.873246,0.015446,0.111308
248.575195,0.453915,0.873246,0.015446,0.111308
249.023193,0.455112,0.871588,0.015813,0.112599
249.471191,0.455112,0.871588,0.015813,0.112599
249.919189,0.455112,0.871588,0.015813,0.112599
250.367188,0.454167,0.873311,0.015668,0.111020
250.815186,0.454167,0.873311,0.015668,0.111020
251.263184,0.452926,0.872123,0.015705,0.112172
251.711182,0.452926,0.872123,0.015705,0.112172
252.159180,0.453559,0.872382,0.015620,0.111998
252.607178,0.453559,0.872382,0.015620,0.111998
253.055176,0.452969,0.872218,0.015641,0.112141
253.503174,0.452969,0.872218,0.015641,0.112141
253.951172,0.452969,0.872218,0.015641,0.112141
254.399170,0.453863,0.872796,0.015586,0.111618
254.847168,0.453863,0.872796,0.015586,0.111618
255.295166,0.455476,0.871307,0.015574,0.113119
255.743164,0.455476,0.871307,0.015574,0.113119
256.191162,0.451972,0.872083,0.015783,0.112135
256.639160,0.451972,0.872083,0.015783,0.112135
257.087158,0.454191,0.871949,0.015547,0.112503
257.535156,0.454191,0.871949,0.015547,0.112503
257.983154,0.454191,0.871949,0.015547,0.112503
258.431152,0.452638,0.874311,0.015527,0.110162
258.879150,0.452638,0.874311,0.015527,0.110162
259.327148,0.452541,0.872638,0.015692,0.111670
259.775146,0.452541,0.872638,0.015692,0.111670
260.223145,0.452136,0.874185,0.015584,0.110231
260.671143,0.452136,0.874185,0.015584,0.110231
261.119141,0.451159,0.876200,0.015740,0.108060
261.567139,0.451159,0.876200,0.015740,0.108060
262.015137,0.453414,0.875102,0.015619,0.109278
262.463135,0.453414,0.875102,0.015619,0.109278
262.911133,0.453414,0.875102,0.015619,0.109278
263.359131,0.448186,0.875948,0.015743,0.108308
263.807129,0.448186,0.875948,0.015743,0.108308
264.255127,0.446892,0.875817,0.015726,0.108457
264.703125,0.446892,0.875817,0.015726,0.108457
265.151123,0.449043,0.875267,0.016008,0.108725
265.599121,0.449043,0.875267,0.016008,0.108725
266.047119,0.447162,0.875302,0.015912,0.108787
266.495117,0.447162,0.875302,0.015912,0.108787
266.943115,0.447162,0.875302,0.015912,0.108787
267.391113,0.448107,0.874518,0.015630,0.109852
267.839111,0.448107,0.874518,0.015630,0.109852
268.287109,0.448046,0.874400,0.015490,0.110110
268.735107,0.448046,0.874400,0.015490,0.110110
269.183105,0.447124,0.874408,0.015600,0.109992
269.631104,0.447124,0.874408,0.015600,0.109992
270.079102,0.448223,0.873829,0.015842,0.110329
270.527100,0.448223,0.873829,0.015842,0.110329
270.975098,0.448223,0.873829,0.015842,0.110329
271.423096,0.449309,0.874204,0.015855,0.109940
271.871094,0.449309,0.874204,0.015855,0.109940
272.319092,0.447924,0.874361,0.015900,0.109739
272.767090,0.447924,0.874361,0.015900,0.109739
273.215088,0.447736,0.875095,0.015906,0.108998
273.663086,0.447736,0.875095,0.015906,0.108998
274.111084,0.448418,0.873960,0.015620,0.110420
274.559082,0.448418,0.873960,0.015620,0.110420
275.007080,0.447884,0.875002,0.015726,0.109272
275.455078,0.447884,0.875002,0.015726,0.109272
275.903076,0.447884,0.875002,0.015726,0.109272
276.351074,0.448581,0.875374,0.015846,0.108780
276.799072,0.448581,0.875374,0.015846,0.108780
277.247070,0.448473,0.875476,0.015748,0.108776
277.695068,0.448473,0.875476,0.015748,0.108776
278.143066,0.447933,0.875205,0.015739,0.109056
278.591064,0.447933,0.875205,0.015739,0.109056
279.039062,0.448733,0.875365,0.015865,0.108770
279.487061,0.448733,0.875365,0.015865,0.108770
279.935059,0.448733,0.875365,0.015865,0.108770
280.383057,0.447892,0.875273,0.015996,0.108732
280.831055,0.447892,0.875273,0.015996,0.108732
281.279053,0.447675,0.875631,0.015872,0.108497
281.727051,0.447675,0.875631,0.015872,0.108497
282.175049,0.448011,0.875914,0.015711,0.108375
282.623047,0.448011,0.875914,0.015711,0.108375
283.071045,0.446919,0.876503,0.015703,0.107794
283.519043,0.446919,0.876503,0.015703,0.107794
283.967041,0.446919,0.876503,0.015703,0.107794
284.415039,0.447934,0.876096,0.015655,0.108249
284.863037,0.447934,0.876096,0.015655,0.108249
285.311035,0.447874,0.876101,0.015966,0.107933
285.759033,0.447874,0.876101,0.015966,0.107933
286.207031,0.447071,0.876376,0.015897,0.107727
286.655029,0.447071,0.876376,0.015897,0.107727
287.103027,0.448395,0.876771,0.015852,0.107377
287.551025,0.448395,0.876771,0.015852,0.107377
287.999023,0.448395,0.876771,0.015852,0.107377
288.447021,0.447498,0.876276,0.015789,0.107936
288.895020,0.447498,0.876276,0.015789,0.107936
289.343018,0.446609,0.876344,0.015574,0.108082
289.791016,0.446609,0.876344,0.015574,0.108082
290.239014,0.447991,0.876726,0.015610,0.107664
290.687012,0.447991,0.876726,0.015610,0.107664
291.135010,0.447491,0.876368,0.016178,0.107454
291.583008,0.447491,0.876368,0.016178,0.107454
292.031006,0.447605,0.876551,0.016025,0.107424
292.479004,0.447605,0.876551,0.016025,0.107424
292.927002,0.447605,0.876551,0.016025,0.107424
293.375000,0.448322,0.877143,0.015854,0.107003
293.822998,0.448322,0.877143,0.015854,0.107003
294.270996,0.445979,0.877691,0.015632,0.106677
294.718994,0.445979,0.877691,0.015632,0.106677
295.166992,0.448593,0.876397,0.015517,0.108086
295.614990,0.448593,0.876397,0.015517,0.108086
296.062988,0.448187,0.876662,0.015747,0.107591
296.510986,0.448187,0.876662,0.015747,0.107591
296.958984,0.448187,0.876662,0.015747,0.107591
297.406982,0.446619,0.876772,0.016056,0.107172
297.854980,0.446619,0.876772,0.016056,0.107172
298.302979,0.448068,0.876196,0.015944,0.107860
298.750977,0.448068,0.876196,0.015944,0.107860
299.198975,0.447245,0.877063,0.015929,0.107009
299.646973,0.447245,0.877063,0.015929,0.107009
300.094971,0.446950,0.877067,0.015715,0.107218
300.542969,0.446950,0.877067,0.015715,0.107218
300.990967,0.446950,0.877067,0.015715,0.107218
301.438965,0.448449,0.876681,0.015863,0.107456
301.886963,0.448449,0.876681,0.015863,0.107456
302.334961,0.447985,0.876211,0.015880,0.107909
302.782959,0.447985,0.876211,0.015880,0.107909
303.230957,0.448005,0.876998,0.015866,0.107136
303.678955,0.448005,0.876998,0.015866,0.107136
304.126953,0.447004,0.877446,0.015932,0.106622
304.574951,0.447004,0.877446,0.015932,0.106622
305.022949,0.447333,0.876593,0.015930,0.107476
305.470947,0.447333,0.876593,0.015930,0.107476
305.918945,0.447333,0.876593,0.015930,0.107476
306.366943,0.448000,0.876656,0.015946,0.107398
306.814941,0.448000,0.876656,0.015946,0.107398
307.262939,0.447966,0.876495,0.015797,0.107707
307.710938,0.447966,0.876495,0.015797,0.107707
308.158936,0.447105,0.877996,0.015554,0.106450
308.606934,0.447105,0.877996,0.015554,0.106450
309.054932,0.448421,0.877363,0.015765,0.106873
309.502930,0.448421,0.877363,0.015765,0.106873
309.950928,0.448421,0.877363,0.015765,0.106873
310.398926,0.448272,0.876679,0.015819,0.107502
310.846924,0.448272,0.876679,0.015819,0.107502
311.294922,0.447005,0.877099,0.015912,0.106989
311.742920,0.447005,0.877099,0.015912,0.106989
312.190918,0.448072,0.876380,0.015830,0.107790
312.638916,0.448072,0.876380,0.015830,0.107790
313.086914,0.448878,0.876078,0.015964,0.107959
313.534912,0.448878,0.876078,0.015964,0.107959
313.982910,0.448878,0.876078,0.015964,0.107959
314.430908,0.447358,0.877255,0.015448,0.107297
314.878906,0.447358,0.877255,0.015448,0.107297
315.326904,0.445961,0.877955,0.015643,0.106401
315.774902,0.445961,0.877955,0.015643,0.106401
316.222900,0.447207,0.877462,0.015675,0.106863
316.670898,0.447207,0.877462,0.015675,0.106863
317.118896,0.448661,0.876420,0.015995,0.107585
317.566895,0.448661,0.876420,0.015995,0.107585
318.014893,0.447169,0.877350,0.016027,0.106623
318.462891,0.447169,0.877350,0.016027,0.106623
318.910889,0.447169,0.877350,0.016027,0.106623
319.358887,0.448120,0.877315,0.015642,0.107044
319.806885,0.448120,0.877315,0.015642,0.107044
320.254883,0.446885,0.877613,0.015427,0.106960
320.702881,0.446885,0.877613,0.015427,0.106960
321.150879,0.446104,0.878017,0.015602,0.106381
321.598877,0.446104,0.878017,0.015602,0.106381
322.046875,0.447189,0.878248,0.015750,0.106001
322.494873,0.447189,0.878248,0.015750,0.106001
322.942871,0.447189,0.878248,0.015750,0.106001
323.390869,0.446658,0.878072,0.015784,0.106144
323.838867,0.446658,0.878072,0.015784,0.106144
324.286865,0.447922,0.877485,0.015685,0.106831
324.734863,0.447922,0.877485,0.015685,0.106831
325.182861,0.448251,0.877464,0.015666,0.106870
325.630859,0.448251,0.877464,0.015666,0.106870
326.078857,0.446308,0.878184,0.015629,0.106187
326.526855,0.446308,0.878184,0.015629,0.106187
326.974854,0.446308,0.878184,0.015629,0.106187
327.422852,0.447482,0.878297,0.015819,0.105883
327.870850,0.447482,0.878297,0.015819,0.105883
328.318848,0.447703,0.878023,0.016091,0.105887
328.766846,0.447703,0.878023,0.016091,0.105887
329.214844,0.446326,0.878508,0.015619,0.105873
329.662842,0.446326,0.878508,0.015619,0.105873
330.110840,0.447868,0.878153,0.015502,0.106345
330.558838,0.447868,0.878153,0.015502,0.106345
331.006836,0.448433,0.877786,0.015783,0.106431
331.454834,0.448433,0.877786,0.015783,0.106431
331.902832,0.448433,0.877786,0.015783,0.106431
332.350830,0.446847,0.877752,0.015973,0.106275
332.798828,0.446847,0.877752,0.015973,0.106275
333.246826,0.448332,0.878036,0.015855,0.106108
333.694824,0.448332,0.878036,0.015855,0.106108
334.142822,0.448478,0.877335,0.015724,0.106941
334.590820,0.448478,0.877335,0.015724,0.106941
335.038818,0.447253,0.878200,0.015621,0.106179
335.486816,0.447253,0.878200,0.015621,0.106179
335.934814,0.447253,0.878200,0.015621,0.106179
336.382812,0.448782,0.878071,0.015494,0.106436
336.830811,0.448782,0.878071,0.015494,0.106436
337.278809,0.448681,0.877806,0.016051,0.106143
337.726807,0.448681,0.877806,0.016051,0.106143
338.174805,0.447936,0.878135,0.016059,0.105806
338.622803,0.447936,0.878135,0.016059,0.105806
339.070801,0.448489,0.878475,0.015810,0.105715
339.518799,0.448489,0.878475,0.015810,0.105715
339.966797,0.448489,0.878475,0.015810,0.105715
340.414795,0.447741,0.879439,0.015622,0.104939
340.862793,0.447741,0.879439,0.015622,0.104939
341.310791,0.447562,0.878918,0.015519,0.105563
341.758789,0.447562,0.878918,0.015519,0.105563
342.206787,0.448902,0.878262,0.015471,0.106266
342.654785,0.448902,0.878262,0.015471,0.106266
343.102783,0.448738,0.878762,0.015650,0.105588
343.550781,0.448738,0.878762,0.015650,0.105588
343.998779,0.448738,0.878762,0.015650,0.105588
344.446777,0.448370,0.878964,0.015938,0.105098
344.894775,0.448370,0.878964,0.015938,0.105098
345.342773,0.450095,0.878382,0.015807,0.105810
345.790771,0.450095,0.878382,0.015807,0.105810
346.238770,0.449308,0.878320,0.015713,0.105967
346.686768,0.449308,0.878320,0.015713,0.105967
347.134766,0.448071,0.879460,0.015544,0.104995
347.582764,0.448071,0.879460,0.015544,0.104995
348.030762,0.448920,0.878756,0.015710,0.105534
348.478760,0.448920,0.878756,0.015710,0.105534
348.926758,0.448920,0.878756,0.015710,0.105534
349.374756,0.448381,0.878885,0.015511,0.105604
349.822754,0.448381,0.878885,0.015511,0.105604
350.270752,0.449847,0.878218,0.015681,0.106101
350.718750,0.449847,0.878218,0.015681,0.106101
351.166748,0.450731,0.878339,0.015787,0.105874
351.614746,0.450731,0.878339,0.015787,0.105874
352.062744,0.450078,0.879239,0.015667,0.105094
352.510742,0.450078,0.879239,0.015667,0.105094
352.958740,0.450078,0.879239,0.015667,0.105094
353.406738,0.450581,0.879461,0.015802,0.104738
353.854736,0.450581,0.879461,0.015802,0.104738
354.302734,0.450058,0.879034,0.015760,0.105206
354.750732,0.450058,0.879034,0.015760,0.105206
355.198730,0.449669,0.879029,0.015634,0.105337
355.646729,0.449669,0.879029,0.015634,0.105337
356.094727,0.451513,0.878133,0.015626,0.106242
356.542725,0.451513,0.878133,0.015626,0.106242
356.990723,0.451513,0.878133,0.015626,0.106242
357.438721,0.450498,0.878965,0.015711,0.105324
357.886719,0.450498,0.878965,0.015711,0.105324
358.334717,0.450039,0.879525,0.015742,0.104732
358.782715,0.450039,0.879525,0.015742,0.104732
359.230713,0.451503,0.879159,0.015764,0.105077
359.678711,0.451503,0.879159,0.015764,0.105077
360.126709,0.449378,0.880246,0.015494,0.104260
360.574707,0.449378,0.880246,0.015494,0.104260
361.022705,0.450170,0.879682,0.015602,0.104716
361.470703,0.450170,0.879682,0.015602,0.104716
361.918701,0.450170,0.879682,0.015602,0.104716
362.366699,0.451072,0.879386,0.015551,0.105064
362.814697,0.451072,0.879386,0.015551,0.105064
363.262695,0.450368,0.879585,0.015518,0.104897
363.710693,0.450368,0.879585,0.015518,0.104897
364.158691,0.450333,0.879557,0.015669,0.104774
364.606689,0.450333,0.879557,0.015669,0.104774
365.054688,0.450250,0.879620,0.015676,0.104704
365.502686,0.450250,0.879620,0.015676,0.104704
365.950684,0.450250,0.879620,0.015676,0.104704
366.398682,0.450723,0.879421,0.015647,0.104932
366.846680,0.450723,0.879421,0.015647,0.104932
367.294678,0.449992,0.879920,0.015762,0.104318
367.742676,0.449992,0.879920,0.015762,0.104318
368.190674,0.450817,0.879654,0.015617,0.104729
368.638672,0.450817,0.879654,0.015617,0.104729
369.086670,0.450724,0.879909,0.015498,0.104593
369.534668,0.450724,0.879909,0.015498,0.104593
369.982666,0.450724,0.879909,0.015498,0.104593
370.430664,0.450834,0.880017,0.015533,0.104450
370.878662,0.450834,0.880017,0.015533,0.104450
371.326660,0.450825,0.879833,0.015674,0.104493
371.774658,0.450825,0.879833,0.015674,0.104493
372.222656,0.451122,0.880286,0.015693,0.104021
372.670654,0.451122,0.880286,0.015693,0.104021
373.118652,0.451658,0.879831,0.015793,0.104376
373.566650,0.451658,0.879831,0.015793,0.104376
374.014648,0.451691,0.879574,0.015618,0.104808
374.462646,0.451691,0.879574,0.015618,0.104808
374.910645,0.451691,0.879574,0.015618,0.104808
375.358643,0.451183,0.880665,0.015673,0.103661
375.806641,0.451183,0.880665,0.015673,0.103661
376.254639,0.451937,0.880359,0.015636,0.104004
376.702637,0.451937,0.880359,0.015636,0.104004
377.150635,0.451996,0.880340,0.015663,0.103998
377.598633,0.451996,0.880340,0.015663,0.103998
378.046631,0.451570,0.880417,0.015704,0.103878
378.494629,0.451570,0.880417,0.015704,0.103878
378.942627,0.451570,0.880417,0.015704,0.103878
379.390625,0.452546,0.880123,0.015793,0.104084
379.838623,0.452546,0.880123,0.015793,0.104084
380.286621,0.451646,0.880391,0.015558,0.104051
380.734619,0.451646,0.880391,0.015558,0.104051
381.182617,0.451448,0.880794,0.015412,0.103795
381.630615,0.451448,0.880794,0.015412,0.103795
382.078613,0.453147,0.879832,0.015504,0.104664
382.526611,0.453147,0.879832,0.015504,0.104664
382.974609,0.453147,0.879832,0.015504,0.104664
383.422607,0.452212,0.880713,0.015595,0.103692
383.870605,0.452212,0.880713,0.015595,0.103692
384.318604,0.452988,0.880236,0.015823,0.103941
384.766602,0.452988,0.880236,0.015823,0.103941
385.214600,0.451922,0.880807,0.015430,0.103763
385.662598,0.451922,0.880807,0.015430,0.103763
386.110596,0.453267,0.880454,0.015514,0.104031
386.558594,0.453267,0.880454,0.015514,0.104031
387.006592,0.452744,0.880703,0.015305,0.103992
387.454590,0.452744,0.880703,0.015305,0.103992
387.902588,0.452744,0.880703,0.015305,0.103992
388.350586,0.452581,0.880479,0.015348,0.104174
388.798584,0.452581,0.880479,0.015348,0.104174
389.246582,0.452988,0.880605,0.015576,0.103820
389.694580,0.452988,0.880605,0.015576,0.103820
390.142578,0.452953,0.880834,0.015603,0.103563
390.590576,0.452953,0.880834,0.015603,0.103563
391.038574,0.453408,0.880866,0.015409,0.103725
391.486572,0.453408,0.880866,0.015409,0.103725
391.934570,0.453408,0.880866,0.015409,0.103725
392.382568,0.454459,0.880427,0.015565,0.104008
392.830566,0.454459,0.880427,0.015565,0.104008
393.278564,0.453560,0.881329,0.015772,0.102898
393.726562,0.453560,0.881329,0.015772,0.102898
394.174561,0.452901,0.881854,0.015549,0.102597
394.622559,0.452901,0.881854,0.015549,0.102597
395.070557,0.455016,0.881130,0.015524,0.103346
395.518555,0.455016,0.881130,0.015524,0.103346
395.966553,0.455016,0.881130,0.015524,0.103346
396.414551,0.454719,0.881257,0.015375,0.103368
396.862549,0.454719,0.881257,0.015375,0.103368
397.310547,0.453438,0.881777,0.015331,0.102892
397.758545,0.453438,0.881777,0.015331,0.102892
398.206543,0.454223,0.881675,0.015566,0.102759
398.654541,0.454223,0.881675,0.015566,0.102759
399.102539,0.454064,0.881570,0.015540,0.102890
399.550537,0.454064,0.881570,0.015540,0.102890
399.998535,0.454064,0.881570,0.015540,0.102890
400.446533,0.454879,0.881276,0.015551,0.103173
400.894531,0.454879,0.881276,0.015551,0.103173
401.342529,0.454461,0.881163,0.015600,0.103237
401.790527,0.454461,0.881163,0.015600,0.103237
402.238525,0.455129,0.881024,0.015344,0.103631
402.686523,0.455129,0.881024,0.015344,0.103631
403.134521,0.455316,0.881183,0.015233,0.103584
403.582520,0.455316,0.881183,0.015233,0.103584
404.030518,0.455492,0.881286,0.015571,0.103143
404.478516,0.455492,0.881286,0.015571,0.103143
404.926514,0.455492,0.881286,0.015571,0.103143
405.374512,0.455356,0.881207,0.015599,0.103194
405.822510,0.455356,0.881207,0.015599,0.103194
406.270508,0.455370,0.881026,0.015616,0.103358
406.718506,0.455370,0.881026,0.015616,0.103358
407.166504,0.455206,0.881981,0.015422,0.102597
407.614502,0.455206,0.881981,0.015422,0.102597
408.062500,0.455046,0.882230,0.015428,0.102342
408.510498,0.455046,0.882230,0.015428,0.102342
408.958496,0.455046,0.882230,0.015428,0.102342
409.406494,0.456036,0.881753,0.015226,0.103021
409.854492,0.456036,0.881753,0.015226,0.103021
410.302490,0.456324,0.881653,0.015514,0.102833
410.750488,0.456324,0.881653,0.015514,0.102833
411.198486,0.456433,0.881300,0.015545,0.103155
411.646484,0.456433,0.881300,0.015545,0.103155
412.094482,0.455727,0.882129,0.015632,0.102240
412.542480,0.455727,0.882129,0.015632,0.102240
412.990479,0.455727,0.882129,0.015632,0.102240
413.438477,0.456071,0.881744,0.015499,0.102757
413.886475,0.456071,0.881744,0.015499,0.102757
414.334473,0.455405,0.882250,0.015355,0.102395
414.782471,0.455405,0.882250,0.015355,0.102395
415.230469,0.456620,0.881425,0.015294,0.103281
415.678467,0.456620,0.881425,0.015294,0.103281
416.126465,0.455996,0.882036,0.015456,0.102509
416.574463,0.455996,0.882036,0.015456,0.102509
417.022461,0.456196,0.881816,0.015473,0.102711
417.470459,0.456196,0.881816,0.015473,0.102711
417.918457,0.456196,0.881816,0.015473,0.102711
418.366455,0.456391,0.881591,0.015672,0.102737
418.814453,0.456391,0.881591,0.015672,0.102737
419.262451,0.457244,0.881609,0.015753,0.102638
419.710449,0.457244,0.881609,0.015753,0.102638
420.158447,0.457011,0.882094,0.015321,0.102585
420.606445,0.457011,0.882094,0.015321,0.102585
421.054443,0.457075,0.881720,0.015448,0.102832
421.502441,0.457075,0.881720,0.015448,0.102832
421.950439,0.457075,0.881720,0.015448,0.102832
422.398438,0.456633,0.882282,0.015235,0.102484
422.846436,0.456633,0.882282,0.015235,0.102484
423.294434,0.456471,0.882277,0.015322,0.102401
423.742432,0.456471,0.882277,0.015322,0.102401
424.190430,0.456669,0.882214,0.015568,0.102218
424.638428,0.456669,0.882214,0.015568,0.102218
425.086426,0.456955,0.882157,0.015474,0.102369
425.534424,0.456955,0.882157,0.015474,0.102369
425.982422,0.456955,0.882157,0.015474,0.102369
426.430420,0.456725,0.882647,0.015474,0.101880
426.878418,0.456725,0.882647,0.015474,0.101880
427.326416,0.456006,0.882845,0.015394,0.101761
427.774414,0.456006,0.882845,0.015394,0.101761
428.222412,0.456707,0.882682,0.015440,0.101878
428.670410,0.456707,0.882682,0.015440,0.101878
429.118408,0.457069,0.882607,0.015433,0.101960
429.566406,0.457069,0.882607,0.015433,0.101960
430.014404,0.457015,0.882781,0.015350,0.101869
430.462402,0.457015,0.882781,0.015350,0.101869
430.910400,0.457015,0.882781,0.015350,0.101869
431.358398,0.456337,0.883302,0.015563,0.101134
431.806396,0.456337,0.883302,0.015563,0.101134
432.254395,0.455984,0.882910,0.015327,0.101763
432.702393,0.455984,0.882910,0.015327,0.101763
433.150391,0.456171,0.883920,0.015525,0.100555
433.598389,0.456171,0.883920,0.015525,0.100555
434.046387,0.456188,0.884158,0.015485,0.100357
434.494385,0.456188,0.884158,0.015485,0.100357
434.942383,0.456188,0.884158,0.015485,0.100357
435.390381,0.455680,0.885691,0.015567,0.098743
435.838379,0.455680,0.885691,0.015567,0.098743
436.286377,0.455116,0.885926,0.015632,0.098442
436.734375,0.455116,0.885926,0.015632,0.098442
437.182373,0.454941,0.886543,0.015439,0.098018
437.630371,0.454941,0.886543,0.015439,0.098018
438.078369,0.454443,0.887015,0.015431,0.097554
438.526367,0.454443,0.887015,0.015431,0.097554
438.974365,0.454443,0.887015,0.015431,0.097554
439.422363,0.454581,0.886463,0.015396,0.098141
439.870361,0.454581,0.886463,0.015396,0.098141
440.318359,0.454752,0.886785,0.015249,0.097966
440.766357,0.454752,0.886785,0.015249,0.097966
441.214355,0.454918,0.886523,0.015386,0.098091
441.662354,0.454918,0.886523,0.015386,0.098091
442.110352,0.454639,0.886550,0.015316,0.098135
442.558350,0.454639,0.886550,0.015316,0.098135
443.006348,0.454953,0.886705,0.015395,0.097900
443.454346,0.454953,0.886705,0.015395,0.097900
443.902344,0.454953,0.886705,0.015395,0.097900
444.350342,0.454786,0.886870,0.015386,0.097744
444.798340,0.454786,0.886870,0.015386,0.097744
