value,total_removed,ground_removed,cone_removed,unassigned_removed
0.001000,0.048392,0.779489,0.026757,0.193754
0.005999,0.112161,0.830430,0.021044,0.148526
0.010998,0.159046,0.853297,0.017328,0.129375
0.015997,0.188787,0.863021,0.015091,0.121888
0.020996,0.213097,0.866997,0.013968,0.119034
0.025995,0.233931,0.867262,0.012979,0.119758
0.030994,0.253050,0.869493,0.012207,0.118300
0.035993,0.272249,0.873884,0.012232,0.113883
0.040992,0.291512,0.876552,0.012369,0.111080
0.045991,0.311452,0.878296,0.012787,0.108917
0.050990,0.331401,0.878510,0.013391,0.108099
0.055989,0.351384,0.880141,0.014023,0.105836
0.060988,0.368254,0.881981,0.013919,0.104100
0.065987,0.383560,0.881851,0.014531,0.103619
0.070986,0.398721,0.882412,0.014901,0.102687
0.075985,0.413109,0.882928,0.015006,0.102066
0.080984,0.426315,0.882010,0.015130,0.102860
0.085983,0.436206,0.880291,0.015345,0.104364
0.090982,0.443342,0.877652,0.015819,0.106529
0.095981,0.449115,0.874804,0.015714,0.109481
0.100980,0.452708,0.871117,0.015933,0.112950
0.105979,0.455766,0.867874,0.016236,0.115890
0.110978,0.459408,0.864017,0.016805,0.119178
0.115977,0.462439,0.860306,0.017146,0.122548
0.120976,0.466015,0.858287,0.017046,0.124667
0.125975,0.469686,0.855662,0.017359,0.126979
0.130974,0.473659,0.853128,0.017877,0.128995
0.135973,0.477657,0.850031,0.018859,0.131110
0.140972,0.482066,0.847796,0.019087,0.133117
0.145971,0.485407,0.845105,0.019867,0.135027
0.150970,0.488498,0.842096,0.020824,0.137080
0.155969,0.491505,0.838255,0.021070,0.140675
0.160968,0.494443,0.834676,0.021544,0.143781
0.165967,0.496693,0.831702,0.021868,0.146430
0.170966,0.498025,0.829903,0.021921,0.148176
0.175965,0.499501,0.827965,0.022124,0.149911
0.180964,0.500988,0.825811,0.022298,0.151891
0.185963,0.502992,0.823724,0.022379,0.153896
0.190962,0.504534,0.821496,0.022312,0.156192
0.195961,0.508368,0.815615,0.022638,0.161746
0.200960,0.509978,0.813255,0.023294,0.163451
0.205959,0.511983,0.810362,0.023484,0.166154
0.210958,0.513731,0.807797,0.023596,0.168606
0.215957,0.515136,0.805790,0.024139,0.170071
0.220956,0.516504,0.803928,0.024543,0.171528
0.225955,0.518090,0.801655,0.025155,0.173190
0.230954,0.520888,0.797608,0.025732,0.176660
0.235953,0.522585,0.795239,0.025972,0.178789
0.240952,0.524292,0.792958,0.026052,0.180990
0.245951,0.525750,0.790940,0.026207,0.182854
0.250950,0.527160,0.789167,0.026268,0.184565
0.255949,0.528775,0.786956,0.026647,0.186397
0.260948,0.530801,0.784137,0.026759,0.189104
0.265947,0.533517,0.780332,0.026838,0.192830
0.270946,0.535593,0.777372,0.026957,0.195670
0.275945,0.537366,0.774934,0.027081,0.197985
0.280944,0.538915,0.772851,0.027127,0.200022
0.285943,0.539962,0.771471,0.027146,0.201383
0.290942,0.541508,0.769419,0.027254,0.203327
0.295941,0.542621,0.767922,0.027250,0.204827
0.300940,0.544827,0.764871,0.027412,0.207717
0.305939,0.546283,0.762946,0.027495,0.209558
0.310938,0.547576,0.761326,0.027794,0.210880
0.315937,0.549131,0.759199,0.028286,0.212515
0.320936,0.550788,0.756962,0.028717,0.214321
0.325935,0.552010,0.755412,0.028749,0.215839
0.330934,0.553412,0.753646,0.028729,0.217624
0.335933,0.555228,0.751354,0.028826,0.219820
0.340932,0.557633,0.748293,0.028875,0.222831
0.345931,0.559324,0.746156,0.028921,0.224923
0.350930,0.560730,0.744416,0.028925,0.226659
0.355929,0.562006,0.742828,0.028927,0.228244
0.360928,0.563195,0.741368,0.029027,0.229605
0.365927,0.564663,0.739564,0.029046,0.231391
0.370926,0.566472,0.737296,0.029059,0.233645
0.375925,0.568272,0.735099,0.029027,0.235874
0.380924,0.569407,0.733746,0.029025,0.237229
0.385923,0.570646,0.732231,0.029006,0.238763
0.390922,0.571886,0.730673,0.028935,0.240392
0.395921,0.573054,0.729265,0.028919,0.241816
0.400920,0.574305,0.727795,0.028938,0.243267
0.405919,0.575555,0.726276,0.028966,0.244758
0.410918,0.576582,0.725028,0.028933,0.246039
0.415917,0.577518,0.723952,0.028914,0.247134
0.420916,0.578730,0.722476,0.028853,0.248671
0.425915,0.580454,0.720372,0.028814,0.250815
0.430914,0.582515,0.717886,0.028872,0.253242
0.435913,0.584495,0.715550,0.028832,0.255618
0.440912,0.586647,0.712989,0.028799,0.258212
0.445911,0.588260,0.711063,0.028753,0.260185
0.450910,0.589629,0.709435,0.028711,0.261854
0.455909,0.590954,0.707896,0.028687,0.263416
0.460908,0.592266,0.706381,0.028626,0.264993
0.465907,0.593590,0.704849,0.028672,0.266478
0.470906,0.594944,0.703276,0.028681,0.268042
0.475905,0.596322,0.701714,0.028620,0.269665
0.480904,0.597603,0.700255,0.028562,0.271183
0.485903,0.598684,0.699018,0.028557,0.272425
0.490902,0.599756,0.697786,0.028678,0.273536
0.495901,0.601038,0.696321,0.028639,0.275040
0.500900,0.602006,0.695203,0.028627,0.276169
0.505899,0.602805,0.694323,0.028611,0.277067
0.510898,0.603549,0.693495,0.028578,0.277927
0.515897,0.604312,0.692665,0.028564,0.278772
0.520896,0.605511,0.691340,0.028518,0.280143
0.525895,0.606599,0.690117,0.028472,0.281411
0.530894,0.607910,0.688663,0.028414,0.282923
0.535893,0.609164,0.687291,0.028358,0.284351
0.540892,0.610423,0.685886,0.028318,0.285796
0.545891,0.611626,0.684544,0.028354,0.287102
0.550890,0.612809,0.683212,0.028307,0.288481
0.555889,0.614107,0.681787,0.028262,0.289951
0.560888,0.615448,0.680315,0.028251,0.291434
0.565887,0.616611,0.679076,0.028249,0.292675
0.570886,0.617796,0.677937,0.028203,0.293860
0.575885,0.618938,0.676815,0.028160,0.295025
0.580884,0.620193,0.675603,0.028108,0.296288
0.585883,0.621404,0.674398,0.028057,0.297545
0.590882,0.622539,0.673287,0.028011,0.298702
0.595881,0.623893,0.672014,0.027954,0.300032
0.600880,0.624850,0.671125,0.027915,0.300960
0.605879,0.625998,0.669953,0.027888,0.302158
0.610878,0.627119,0.668838,0.027860,0.303302
0.615877,0.628234,0.667693,0.027817,0.304490
0.620876,0.629368,0.666497,0.027774,0.305729
0.625875,0.630378,0.665440,0.027734,0.306826
0.630874,0.631218,0.664571,0.027698,0.307731
0.635873,0.632124,0.663678,0.027658,0.308664
0.640872,0.633136,0.662728,0.027616,0.309656
0.645871,0.634380,0.661493,0.027567,0.310940
0.650870,0.635810,0.660099,0.027507,0.312394
0.655869,0.637093,0.658823,0.027453,0.313724
0.660868,0.638108,0.657799,0.027418,0.314783
0.665867,0.639144,0.656861,0.027373,0.315766
0.670866,0.640076,0.656035,0.027339,0.316625
0.675865,0.641097,0.655096,0.027297,0.317607
0.680864,0.641923,0.654345,0.027268,0.318387
0.685863,0.642838,0.653482,0.027234,0.319284
0.690862,0.643983,0.652372,0.027188,0.320441
0.695861,0.645063,0.651303,0.027138,0.321558
0.700860,0.646122,0.650247,0.027104,0.322648
0.705859,0.647157,0.649234,0.027065,0.323701
0.710858,0.648143,0.648267,0.027033,0.324700
0.715857,0.649181,0.647255,0.027003,0.325741
0.720856,0.650201,0.646257,0.026968,0.326775
0.725855,0.651088,0.645389,0.026930,0.327680
0.730854,0.651952,0.644571,0.026895,0.328534
0.735853,0.652960,0.643623,0.026853,0.329524
0.740852,0.653798,0.642832,0.026850,0.330318
0.745851,0.654812,0.641875,0.026825,0.331300
0.750850,0.655659,0.641085,0.026807,0.332107
0.755849,0.656613,0.640215,0.026773,0.333011
0.760848,0.657564,0.639350,0.026735,0.333915
0.765846,0.658370,0.638656,0.026703,0.334641
0.770845,0.659158,0.637895,0.026672,0.335433
0.775844,0.659908,0.637233,0.026640,0.336127
0.780843,0.660737,0.636450,0.026601,0.336949
0.785842,0.661535,0.635706,0.026567,0.337727
0.790841,0.662293,0.635003,0.026535,0.338462
0.795840,0.663137,0.634197,0.026501,0.339302
0.800839,0.663807,0.633566,0.026473,0.339960
0.805838,0.664562,0.632868,0.026443,0.340689
0.810837,0.665277,0.632202,0.026413,0.341384
0.815836,0.666069,0.631479,0.026382,0.342139
0.820835,0.666716,0.630869,0.026357,0.342774
0.825834,0.667334,0.630322,0.026331,0.343347
0.830833,0.667932,0.629793,0.026307,0.343900
0.835832,0.668498,0.629314,0.026284,0.344402
0.840831,0.669047,0.628804,0.026261,0.344934
0.845830,0.669576,0.628338,0.026240,0.345423
0.850829,0.670234,0.627734,0.026214,0.346052
0.855828,0.670936,0.627097,0.026185,0.346717
0.860827,0.671710,0.626404,0.026155,0.347440
0.865826,0.672485,0.625706,0.026125,0.348170
0.870825,0.673147,0.625115,0.026112,0.348773
0.875824,0.673859,0.624468,0.026086,0.349446
0.880823,0.674457,0.623932,0.026064,0.350004
0.885822,0.674838,0.623600,0.026049,0.350351
0.890821,0.675357,0.623167,0.026031,0.350803
0.895820,0.675863,0.622740,0.026012,0.351247
0.900819,0.676313,0.622344,0.025996,0.351661
0.905818,0.676711,0.621990,0.025981,0.352029
0.910817,0.677196,0.621559,0.025961,0.352479
0.915816,0.677868,0.620952,0.025932,0.353117
0.920815,0.678353,0.620522,0.025911,0.353567
0.925814,0.678895,0.620044,0.025889,0.354067
0.930813,0.679400,0.619604,0.025868,0.354528
0.935812,0.679833,0.619231,0.025852,0.354918
0.940811,0.680299,0.618839,0.025835,0.355326
0.945810,0.680885,0.618332,0.025812,0.355856
0.950809,0.681306,0.617954,0.025796,0.356250
0.955808,0.681827,0.617495,0.025774,0.356731
0.960807,0.682304,0.617072,0.025755,0.357173
0.965806,0.682785,0.616676,0.025736,0.357588
0.970805,0.683282,0.616234,0.025716,0.358050
0.975804,0.683804,0.615786,0.025698,0.358516
0.980803,0.684393,0.615267,0.025674,0.359060
0.985802,0.684976,0.614747,0.025652,0.359601
0.990801,0.685631,0.614145,0.025628,0.360227
0.995800,0.686180,0.613642,0.025606,0.360752
1.000799,0.686673,0.613184,0.025587,0.361229
1.005798,0.687187,0.612719,0.025568,0.361713
1.010797,0.687665,0.612301,0.025550,0.362149
1.015796,0.688256,0.611777,0.025530,0.362693
1.020795,0.688936,0.611181,0.025507,0.363312
1.025794,0.689645,0.610554,0.025483,0.363962
1.030793,0.690212,0.610067,0.025464,0.364469
1.035792,0.690953,0.609413,0.025439,0.365147
1.040791,0.691447,0.608977,0.025422,0.365601
1.045790,0.691944,0.608533,0.025401,0.366066
1.050789,0.692470,0.608076,0.025379,0.366545
1.055788,0.692932,0.607668,0.025361,0.366971
1.060787,0.693357,0.607287,0.025344,0.367369
1.065786,0.693825,0.606874,0.025325,0.367801
1.070785,0.694368,0.606397,0.025304,0.368299
1.075784,0.694902,0.605941,0.025284,0.368775
1.080783,0.695356,0.605558,0.025266,0.369175
1.085782,0.695858,0.605135,0.025248,0.369617
1.090781,0.696279,0.604797,0.025232,0.369971
1.095780,0.696628,0.604512,0.025219,0.370268
1.100780,0.697014,0.604191,0.025205,0.370604
1.105779,0.697391,0.603869,0.025191,0.370940
1.110778,0.697745,0.603571,0.025178,0.371251
1.115777,0.698126,0.603246,0.025163,0.371591
1.120776,0.698463,0.602965,0.025151,0.371884
1.125775,0.698820,0.602672,0.025137,0.372191
1.130774,0.699157,0.602390,0.025123,0.372487
1.135773,0.699425,0.602159,0.025113,0.372728
1.140772,0.699726,0.601909,0.025101,0.372990
1.145771,0.700108,0.601596,0.025087,0.373317
1.150770,0.700461,0.601307,0.025075,0.373618
1.155769,0.700831,0.601031,0.025062,0.373907
1.160768,0.701164,0.600752,0.025049,0.374199
1.165767,0.701505,0.600464,0.025037,0.374499
1.170766,0.701858,0.600167,0.025024,0.374809
1.175765,0.702387,0.599722,0.025007,0.375271
1.180764,0.702842,0.599362,0.024993,0.375644
1.185763,0.703280,0.598998,0.024978,0.376024
1.190762,0.703695,0.598653,0.024965,0.376382
1.195761,0.703977,0.598423,0.024955,0.376622
1.200760,0.704363,0.598117,0.024942,0.376941
1.205759,0.704688,0.597871,0.024931,0.377198
1.210758,0.705030,0.597604,0.024919,0.377477
1.215757,0.705355,0.597348,0.024907,0.377745
1.220757,0.705665,0.597104,0.024896,0.378000
1.225756,0.705963,0.596897,0.024886,0.378217
1.230755,0.706305,0.596619,0.024875,0.378506
1.235754,0.706590,0.596401,0.024864,0.378734
1.240753,0.706928,0.596133,0.024853,0.379015
1.245752,0.707266,0.595845,0.024841,0.379314
1.250751,0.707527,0.595638,0.024832,0.379530
1.255750,0.707816,0.595397,0.024821,0.379782
1.260749,0.708037,0.595208,0.024813,0.379979
1.265748,0.708246,0.595042,0.024805,0.380152
1.270747,0.708486,0.594834,0.024796,0.380370
1.275746,0.708743,0.594617,0.024785,0.380598
1.280745,0.708952,0.594441,0.024778,0.380781
1.285744,0.709245,0.594206,0.024767,0.381027
1.290743,0.709505,0.593994,0.024757,0.381249
1.295742,0.709717,0.593817,0.024750,0.381433
1.300741,0.709919,0.593648,0.024743,0.381609
1.305740,0.710220,0.593398,0.024732,0.381870
1.310739,0.710469,0.593194,0.024723,0.382083
1.315738,0.710817,0.592897,0.024711,0.382392
1.320737,0.711790,0.592088,0.024680,0.383232
1.325736,0.712522,0.591488,0.024657,0.383855
1.330735,0.713101,0.591016,0.024639,0.384345
1.335734,0.713592,0.590611,0.024623,0.384765
1.340734,0.714054,0.590235,0.024609,0.385156
1.345733,0.714545,0.589846,0.024593,0.385561
1.350732,0.714992,0.589481,0.024579,0.385940
1.355731,0.715377,0.589161,0.024566,0.386272
1.360730,0.715820,0.588799,0.024552,0.386649
1.365729,0.716206,0.588482,0.024540,0.386977
1.370728,0.716556,0.588191,0.024529,0.387280
1.375727,0.716939,0.587872,0.024517,0.387611
1.380726,0.717269,0.587604,0.024507,0.387889
1.385725,0.717615,0.587319,0.024496,0.388185
1.390724,0.717936,0.587056,0.024485,0.388459
1.395723,0.718305,0.586750,0.024470,0.388779
1.400722,0.718735,0.586410,0.024456,0.389134
1.405721,0.719233,0.586022,0.024438,0.389540
1.410720,0.719611,0.585716,0.024425,0.389859
1.415719,0.720012,0.585390,0.024411,0.390199
1.420718,0.720293,0.585164,0.024401,0.390435
1.425717,0.720614,0.584907,0.024389,0.390704
1.430716,0.720934,0.584646,0.024377,0.390976
1.435715,0.721254,0.584391,0.024366,0.391243
1.440714,0.721635,0.584091,0.024351,0.391558
1.445713,0.721839,0.583927,0.024344,0.391730
1.450712,0.722080,0.583733,0.024335,0.391932
1.455711,0.722361,0.583508,0.024324,0.392168
1.460711,0.722673,0.583249,0.024312,0.392439
1.465710,0.722906,0.583065,0.024304,0.392630
1.470709,0.723151,0.582868,0.024296,0.392836
1.475708,0.723403,0.582662,0.024286,0.393052
1.480707,0.723760,0.582381,0.024273,0.393346
1.485706,0.724351,0.581880,0.024253,0.393867
1.490705,0.724696,0.581594,0.024240,0.394165
1.495704,0.725077,0.581281,0.024228,0.394492
1.500703,0.725434,0.581004,0.024221,0.394776
1.505702,0.725812,0.580709,0.024208,0.395083
1.510701,0.726157,0.580430,0.024201,0.395369
1.515700,0.726498,0.580156,0.024199,0.395646
1.520699,0.726936,0.579814,0.024184,0.396001
1.525698,0.727361,0.579476,0.024170,0.396354
1.530697,0.727699,0.579205,0.024164,0.396631
1.535696,0.728096,0.578894,0.024151,0.396955
1.540695,0.728450,0.578620,0.024139,0.397241
1.545694,0.728807,0.578341,0.024127,0.397532
1.550693,0.729177,0.578058,0.024115,0.397827
1.555692,0.729507,0.577802,0.024109,0.398089
1.560691,0.729796,0.577571,0.024099,0.398329
1.565690,0.730125,0.577308,0.024088,0.398604
1.570689,0.730321,0.577150,0.024081,0.398769
1.575688,0.730622,0.576908,0.024076,0.399016
1.580688,0.730915,0.576674,0.024085,0.399242
1.585687,0.731221,0.576430,0.024079,0.399491
1.590686,0.731598,0.576134,0.024075,0.399791
1.595685,0.732002,0.575816,0.024059,0.400126
1.600684,0.732419,0.575484,0.024043,0.400473
1.605683,0.732853,0.575157,0.024034,0.400810
1.610682,0.733243,0.574861,0.024021,0.401117
1.615681,0.733722,0.574518,0.024012,0.401469
1.620680,0.734003,0.574302,0.024008,0.401690
1.625679,0.734264,0.574095,0.024008,0.401896
1.630678,0.734525,0.573900,0.024005,0.402096
1.635677,0.734851,0.573650,0.023999,0.402350
1.640676,0.735036,0.573509,0.023998,0.402493
1.645675,0.735337,0.573282,0.023989,0.402730
1.650674,0.735638,0.573049,0.023984,0.402967
1.655673,0.735956,0.572807,0.023974,0.403219
1.660672,0.736322,0.572539,0.023973,0.403488
1.665671,0.736736,0.572243,0.023965,0.403792
1.670670,0.737073,0.571999,0.023964,0.404037
1.675669,0.737311,0.571826,0.023957,0.404216
1.680668,0.737689,0.571550,0.023946,0.404504
1.685667,0.738180,0.571205,0.023937,0.404857
1.690666,0.738965,0.570693,0.023925,0.405382
1.695665,0.739634,0.570245,0.023907,0.405848
1.700665,0.740149,0.569903,0.023903,0.406194
1.705664,0.740636,0.569586,0.023898,0.406515
1.710663,0.740829,0.569443,0.023897,0.406661
1.715662,0.741042,0.569290,0.023899,0.406810
1.720661,0.741279,0.569127,0.023902,0.406972
1.725660,0.741488,0.568967,0.023900,0.407133
1.730659,0.741677,0.568834,0.023899,0.407267
1.735658,0.741951,0.568623,0.023899,0.407478
1.740657,0.742144,0.568473,0.023893,0.407634
1.745656,0.742444,0.568241,0.023882,0.407877
1.750655,0.742740,0.568014,0.023874,0.408112
1.755654,0.743029,0.567793,0.023863,0.408345
1.760653,0.743293,0.567592,0.023858,0.408551
1.765652,0.743680,0.567297,0.023846,0.408858
1.770651,0.744054,0.567016,0.023838,0.409147
1.775650,0.744392,0.566762,0.023831,0.409407
1.780649,0.744677,0.566548,0.023826,0.409627
1.785648,0.744938,0.566350,0.023817,0.409833
1.790647,0.745163,0.566179,0.023809,0.410011
1.795646,0.745372,0.566025,0.023802,0.410173
1.800645,0.745613,0.565844,0.023803,0.410352
1.805644,0.745882,0.565639,0.023794,0.410567
1.810643,0.746131,0.565449,0.023791,0.410760
1.815642,0.746316,0.565309,0.023785,0.410906
1.820642,0.746501,0.565170,0.023779,0.411052
1.825641,0.746678,0.565036,0.023773,0.411191
1.830640,0.746866,0.564892,0.023767,0.411341
1.835639,0.747091,0.564724,0.023759,0.411517
1.840638,0.747268,0.564593,0.023753,0.411654
1.845637,0.747445,0.564457,0.023747,0.411796
1.850636,0.747609,0.564338,0.023742,0.411920
1.855635,0.747782,0.564214,0.023737,0.412049
1.860634,0.747979,0.564070,0.023730,0.412200
1.865633,0.748192,0.563913,0.023723,0.412364
1.870632,0.748376,0.563773,0.023717,0.412510
1.875631,0.748517,0.563673,0.023712,0.412615
1.880630,0.748726,0.563521,0.023706,0.412773
1.885629,0.748894,0.563390,0.023700,0.412909
1.890628,0.749131,0.563217,0.023693,0.413090
1.895627,0.749348,0.563059,0.023690,0.413251
1.900626,0.749513,0.562937,0.023685,0.413378
1.905625,0.749686,0.562812,0.023680,0.413508
1.910624,0.749879,0.562667,0.023673,0.413659
1.915623,0.750099,0.562516,0.023665,0.413819
1.920622,0.750227,0.562423,0.023660,0.413917
1.925621,0.750392,0.562306,0.023655,0.414039
1.930620,0.750548,0.562192,0.023649,0.414159
1.935619,0.750700,0.562091,0.023643,0.414266
1.940619,0.750921,0.561941,0.023636,0.414423
1.945618,0.751210,0.561732,0.023626,0.414642
1.950617,0.751350,0.561635,0.023622,0.414743
1.955616,0.751543,0.561490,0.023615,0.414894
1.960615,0.751783,0.561314,0.023607,0.415079
1.965614,0.751951,0.561186,0.023601,0.415213
1.970613,0.752072,0.561093,0.023597,0.415310
1.975612,0.752240,0.560967,0.023591,0.415442
1.980611,0.752453,0.560805,0.023584,0.415612
1.985610,0.752789,0.560536,0.023572,0.415892
1.990609,0.753058,0.560321,0.023564,0.416115
1.995608,0.753367,0.560087,0.023554,0.416359
2.000607,0.753596,0.559910,0.023547,0.416543
2.005606,0.753793,0.559761,0.023541,0.416699
2.010605,0.753965,0.559641,0.023535,0.416824
2.015604,0.754094,0.559543,0.023531,0.416926
2.020603,0.754314,0.559378,0.023524,0.417098
2.025602,0.754540,0.559213,0.023517,0.417270
2.030601,0.754720,0.559078,0.023512,0.417410
2.035599,0.754909,0.558934,0.023506,0.417560
2.040598,0.755106,0.558787,0.023500,0.417713
2.045597,0.755258,0.558669,0.023495,0.417836
2.050596,0.755423,0.558553,0.023490,0.417957
2.055595,0.755592,0.558426,0.023485,0.418089
2.060594,0.755797,0.558269,0.023479,0.418252
2.065593,0.756018,0.558106,0.023472,0.418422
2.070592,0.756191,0.557980,0.023466,0.418554
2.075591,0.756347,0.557868,0.023461,0.418672
2.080590,0.756512,0.557746,0.023456,0.418798
2.085589,0.756665,0.557631,0.023451,0.418918
2.090588,0.756861,0.557486,0.023444,0.419070
2.095587,0.757018,0.557377,0.023439,0.419184
2.100585,0.757146,0.557288,0.023434,0.419278
2.105584,0.757389,0.557111,0.023423,0.419466
2.110583,0.757557,0.556995,0.023417,0.419589
2.115582,0.757749,0.556855,0.023410,0.419736
2.120581,0.757986,0.556684,0.023402,0.419914
2.125580,0.758206,0.556522,0.023394,0.420084
2.130579,0.758471,0.556323,0.023385,0.420292
2.135578,0.758675,0.556169,0.023378,0.420453
2.140577,0.758876,0.556023,0.023371,0.420606
2.145576,0.759076,0.555872,0.023365,0.420763
2.150575,0.759285,0.555716,0.023357,0.420927
2.155574,0.759537,0.555529,0.023349,0.421122
2.160573,0.759793,0.555336,0.023340,0.421325
2.165571,0.760046,0.555149,0.023331,0.421520
2.170570,0.760254,0.554994,0.023323,0.421683
2.175569,0.760507,0.554813,0.023315,0.421872
2.180568,0.760739,0.554645,0.023307,0.422049
2.185567,0.760904,0.554525,0.023301,0.422174
2.190566,0.761064,0.554410,0.023296,0.422295
2.195565,0.761256,0.554266,0.023289,0.422445
2.200564,0.761425,0.554142,0.023284,0.422574
2.205563,0.761666,0.553964,0.023277,0.422760
2.210562,0.761871,0.553817,0.023270,0.422913
2.215561,0.762140,0.553623,0.023261,0.423116
2.220560,0.762316,0.553493,0.023256,0.423251
2.225559,0.762465,0.553385,0.023251,0.423365
2.230557,0.762665,0.553243,0.023245,0.423512
2.235556,0.762825,0.553127,0.023239,0.423634
2.240555,0.762950,0.553039,0.023235,0.423726
2.245554,0.763058,0.552960,0.023232,0.423809
2.250553,0.763198,0.552858,0.023227,0.423915
2.255552,0.763339,0.552762,0.023223,0.424016
2.260551,0.763519,0.552637,0.023217,0.424146
2.265550,0.763680,0.552521,0.023212,0.424267
2.270549,0.763856,0.552399,0.023206,0.424395
2.275548,0.764045,0.552261,0.023200,0.424539
2.280547,0.764250,0.552118,0.023194,0.424689
2.285546,0.764442,0.551982,0.023187,0.424830
2.290545,0.764578,0.551883,0.023183,0.424934
2.295543,0.764755,0.551754,0.023178,0.425068
2.300542,0.764932,0.551629,0.023172,0.425199
2.305541,0.765132,0.551503,0.023166,0.425331
2.310540,0.765273,0.551403,0.023162,0.425435
2.315539,0.765470,0.551259,0.023156,0.425585
2.320538,0.765642,0.551133,0.023151,0.425716
2.325537,0.765807,0.551015,0.023146,0.425839
2.330536,0.766032,0.550856,0.023140,0.426004
2.335535,0.766193,0.550743,0.023135,0.426122
2.340534,0.766365,0.550620,0.023130,0.426250
2.345533,0.766538,0.550503,0.023124,0.426373
2.350532,0.766730,0.550372,0.023118,0.426509
2.355531,0.766896,0.550253,0.023113,0.426634
2.360529,0.767158,0.550065,0.023107,0.426829
2.365528,0.767331,0.549938,0.023102,0.426960
2.370527,0.767512,0.549809,0.023097,0.427094
2.375526,0.767665,0.549701,0.023092,0.427207
2.380525,0.767886,0.549545,0.023085,0.427370
2.385524,0.768071,0.549415,0.023079,0.427505
2.390523,0.768284,0.549264,0.023073,0.427663
2.395522,0.768412,0.549179,0.023069,0.427752
2.400521,0.768545,0.549084,0.023065,0.427851
2.405520,0.768686,0.548990,0.023061,0.427949
2.410519,0.768827,0.548891,0.023057,0.428051
2.415518,0.769024,0.548752,0.023051,0.428197
2.420516,0.769209,0.548621,0.023046,0.428333
2.425515,0.769421,0.548469,0.023039,0.428492
2.430514,0.769606,0.548341,0.023033,0.428626
2.435513,0.769831,0.548175,0.023027,0.428798
2.440512,0.770024,0.548038,0.023021,0.428941
2.445511,0.770233,0.547884,0.023015,0.429101
2.450510,0.770422,0.547747,0.023009,0.429244
2.455509,0.770562,0.547645,0.023005,0.429350
2.460508,0.770746,0.547512,0.022999,0.429489
2.465507,0.771015,0.547328,0.022989,0.429683
2.470506,0.771283,0.547141,0.022980,0.429879
2.475505,0.771495,0.546996,0.022973,0.430031
2.480504,0.771696,0.546856,0.022966,0.430179
2.485502,0.771896,0.546713,0.022959,0.430328
2.490501,0.772130,0.546549,0.022952,0.430500
2.495500,0.772362,0.546391,0.022944,0.430664
2.500499,0.772519,0.546282,0.022939,0.430778
2.505498,0.772667,0.546175,0.022934,0.430891
2.510497,0.772792,0.546087,0.022930,0.430983
2.515496,0.772944,0.545980,0.022925,0.431095
2.520495,0.773056,0.545901,0.022921,0.431177
2.525494,0.773204,0.545796,0.022916,0.431289
2.530493,0.773385,0.545671,0.022910,0.431419
2.535492,0.773485,0.545601,0.022907,0.431493
2.540491,0.773609,0.545512,0.022902,0.431586
2.545490,0.773818,0.545365,0.022895,0.431740
2.550488,0.774002,0.545234,0.022890,0.431877
2.555487,0.774151,0.545131,0.022885,0.431984
2.560486,0.774368,0.544972,0.022878,0.432150
2.565485,0.774536,0.544853,0.022873,0.432275
2.570484,0.774721,0.544720,0.022867,0.432413
2.575483,0.774913,0.544585,0.022860,0.432554
2.580482,0.775109,0.544444,0.022854,0.432702
2.585481,0.775265,0.544334,0.022849,0.432817
2.590480,0.775417,0.544226,0.022844,0.432930
2.595479,0.775594,0.544104,0.022838,0.433059
2.600478,0.775766,0.543981,0.022832,0.433187
2.605477,0.775930,0.543870,0.022827,0.433303
2.610476,0.776107,0.543748,0.022821,0.433431
2.615474,0.776291,0.543623,0.022815,0.433562
2.620473,0.776420,0.543532,0.022811,0.433657
2.625472,0.776588,0.543415,0.022806,0.433779
2.630471,0.776748,0.543300,0.022801,0.433900
2.635470,0.776981,0.543146,0.022793,0.434060
2.640469,0.777194,0.542997,0.022787,0.434216
2.645468,0.777354,0.542881,0.022782,0.434337
2.650467,0.777559,0.542754,0.022776,0.434470
2.655466,0.777771,0.542618,0.022769,0.434612
2.660465,0.777948,0.542501,0.022764,0.434735
2.665464,0.778060,0.542424,0.022760,0.434815
2.670463,0.778236,0.542300,0.022755,0.434945
2.675462,0.778389,0.542199,0.022750,0.435051
2.680460,0.778569,0.542078,0.022744,0.435178
2.685459,0.778729,0.541968,0.022739,0.435293
2.690458,0.778833,0.541896,0.022736,0.435368
2.695457,0.778985,0.541810,0.022731,0.435460
2.700456,0.779105,0.541745,0.022727,0.435528
2.705455,0.779213,0.541684,0.022723,0.435593
2.710454,0.779350,0.541587,0.022719,0.435694
2.715453,0.779478,0.541502,0.022715,0.435783
2.720452,0.779614,0.541405,0.022711,0.435883
2.725451,0.779739,0.541322,0.022707,0.435970
2.730450,0.779903,0.541209,0.022702,0.436088
2.735449,0.780039,0.541114,0.022698,0.436188
2.740448,0.780151,0.541039,0.022695,0.436266
2.745446,0.780284,0.540954,0.022691,0.436356
2.750445,0.780404,0.540874,0.022687,0.436439
2.755444,0.780544,0.540781,0.022683,0.436536
2.760443,0.780697,0.540678,0.022678,0.436644
2.765442,0.780890,0.540551,0.022673,0.436776
2.770441,0.781071,0.540427,0.022669,0.436904
2.775440,0.781255,0.540297,0.022664,0.437040
2.780439,0.781396,0.540199,0.022660,0.437141
2.785438,0.781532,0.540106,0.022656,0.437238
2.790437,0.781657,0.540018,0.022652,0.437330
2.795436,0.781793,0.539926,0.022648,0.437425
2.800435,0.781894,0.539860,0.022646,0.437494
2.805434,0.782055,0.539750,0.022641,0.437608
2.810432,0.782208,0.539645,0.022637,0.437718
2.815431,0.782328,0.539564,0.022634,0.437803
2.820430,0.782448,0.539478,0.022630,0.437892
2.825429,0.782605,0.539371,0.022625,0.438004
2.830428,0.782717,0.539298,0.022622,0.438080
2.835427,0.782906,0.539166,0.022617,0.438217
2.840426,0.783071,0.539051,0.022612,0.438337
2.845425,0.783183,0.538973,0.022609,0.438419
2.850424,0.783348,0.538858,0.022604,0.438538
2.855423,0.783509,0.538749,0.022600,0.438651
2.860422,0.783690,0.538627,0.022595,0.438779
2.865421,0.783847,0.538520,0.022590,0.438890
2.870420,0.783992,0.538417,0.022586,0.438997
2.875418,0.784144,0.538310,0.022582,0.439108
2.880417,0.784301,0.538198,0.022577,0.439224
2.885416,0.784441,0.538101,0.022573,0.439326
2.890415,0.784650,0.537952,0.022568,0.439480
2.895414,0.784795,0.537851,0.022563,0.439585
2.900413,0.784959,0.537734,0.022558,0.439707
2.905412,0.785124,0.537621,0.022553,0.439826
2.910411,0.785292,0.537506,0.022548,0.439946
2.915410,0.785500,0.537362,0.022542,0.440096
2.920409,0.785685,0.537235,0.022536,0.440229
2.925408,0.785877,0.537101,0.022530,0.440369
2.930407,0.786038,0.536992,0.022525,0.440483
2.935405,0.786174,0.536897,0.022521,0.440582
2.940404,0.786355,0.536777,0.022516,0.440707
2.945403,0.786579,0.536623,0.022509,0.440868
2.950402,0.786772,0.536490,0.022503,0.441007
2.955401,0.786952,0.536367,0.022498,0.441136
2.960400,0.787105,0.536259,0.022493,0.441248
2.965399,0.787253,0.536157,0.022489,0.441355
2.970398,0.787397,0.536061,0.022484,0.441455
2.975397,0.787578,0.535940,0.022479,0.441581
2.980396,0.787731,0.535837,0.022475,0.441688
2.985395,0.787875,0.535743,0.022471,0.441787
2.990394,0.788015,0.535650,0.022466,0.441884
2.995393,0.788139,0.535567,0.022462,0.441970
3.000391,0.788312,0.535449,0.022457,0.442094
3.005390,0.788520,0.535306,0.022451,0.442243
3.010389,0.788673,0.535200,0.022446,0.442353
3.015388,0.788865,0.535067,0.022441,0.442492
3.020387,0.789046,0.534941,0.022436,0.442624
3.025386,0.789303,0.534762,0.022428,0.442810
3.030385,0.789488,0.534634,0.022423,0.442944
3.035384,0.789664,0.534516,0.022417,0.443066
3.040383,0.789877,0.534370,0.022411,0.443219
3.045382,0.790081,0.534230,0.022405,0.443365
3.050381,0.790257,0.534109,0.022399,0.443492
3.055380,0.790418,0.533997,0.022395,0.443609
3.060379,0.790570,0.533892,0.022390,0.443718
3.065377,0.790698,0.533804,0.022386,0.443810
3.070376,0.790863,0.533693,0.022382,0.443925
3.075375,0.791027,0.533585,0.022376,0.444039
3.080374,0.791127,0.533518,0.022373,0.444109
3.085373,0.791283,0.533415,0.022368,0.444217
3.090372,0.791439,0.533309,0.022363,0.444328
3.095371,0.791551,0.533232,0.022359,0.444408
3.100370,0.791699,0.533135,0.022355,0.444510
3.105369,0.791811,0.533059,0.022351,0.444590
3.110368,0.791911,0.532993,0.022348,0.444659
3.115367,0.792035,0.532913,0.022344,0.444743
3.120366,0.792216,0.532796,0.022339,0.444865
3.125365,0.792344,0.532711,0.022335,0.444954
3.130363,0.792484,0.532618,0.022331,0.445052
3.135362,0.792577,0.532557,0.022328,0.445115
3.140361,0.792741,0.532452,0.022324,0.445225
3.145360,0.792898,0.532343,0.022319,0.445338
3.150359,0.793002,0.532273,0.022316,0.445411
3.155358,0.793094,0.532210,0.022313,0.445477
3.160357,0.793231,0.532118,0.022309,0.445573
3.165356,0.793339,0.532048,0.022306,0.445646
3.170355,0.793459,0.531966,0.022303,0.445731
3.175354,0.793556,0.531900,0.022300,0.445800
3.180353,0.793724,0.531786,0.022295,0.445919
3.185352,0.793890,0.531674,0.022291,0.446035
3.190351,0.794034,0.531576,0.022287,0.446137
3.195349,0.794171,0.531481,0.022283,0.446236
3.200348,0.794371,0.531345,0.022278,0.446378
3.205347,0.794524,0.531241,0.022273,0.446486
3.210346,0.794664,0.531145,0.022269,0.446586
3.215345,0.794785,0.531062,0.022265,0.446673
3.220344,0.794897,0.530985,0.022262,0.446752
3.225343,0.795102,0.530845,0.022257,0.446898
3.230342,0.795286,0.530719,0.022252,0.447028
3.235341,0.795503,0.530572,0.022246,0.447181
3.240340,0.795704,0.530435,0.022241,0.447324
3.245339,0.795900,0.530301,0.022236,0.447463
3.250338,0.796129,0.530143,0.022229,0.447628
3.255337,0.796414,0.529950,0.022222,0.447829
3.260335,0.796611,0.529817,0.022216,0.447966
3.265334,0.796844,0.529659,0.022210,0.448130
3.270333,0.797052,0.529517,0.022204,0.448278
3.275332,0.797289,0.529358,0.022198,0.448444
3.280331,0.797450,0.529250,0.022193,0.448557
3.285330,0.797631,0.529131,0.022189,0.448680
3.290329,0.797803,0.529018,0.022184,0.448798
3.295328,0.797976,0.528905,0.022179,0.448916
3.300327,0.798161,0.528782,0.022175,0.449043
3.305326,0.798354,0.528653,0.022170,0.449177
3.310325,0.798515,0.528546,0.022166,0.449289
3.315324,0.798732,0.528402,0.022160,0.449438
3.320323,0.798921,0.528278,0.022154,0.449568
3.325321,0.799126,0.528149,0.022149,0.449703
3.330320,0.799323,0.528020,0.022144,0.449836
3.335319,0.799524,0.527891,0.022139,0.449971
3.340318,0.799713,0.527767,0.022133,0.450100
3.345317,0.799930,0.527627,0.022128,0.450246
3.350316,0.800127,0.527499,0.022123,0.450378
3.355315,0.800293,0.527392,0.022119,0.450490
3.360314,0.800481,0.527271,0.022113,0.450616
3.365313,0.800683,0.527143,0.022108,0.450749
3.370312,0.800840,0.527042,0.022104,0.450853
3.375311,0.801012,0.526932,0.022099,0.450968
3.380310,0.801181,0.526823,0.022095,0.451082
3.385309,0.801318,0.526734,0.022091,0.451175
3.390307,0.801466,0.526643,0.022087,0.451270
3.395306,0.801607,0.526550,0.022084,0.451367
3.400305,0.801771,0.526448,0.022079,0.451473
3.405304,0.801924,0.526356,0.022075,0.451569
3.410303,0.802105,0.526238,0.022071,0.451691
3.415302,0.802306,0.526108,0.022065,0.451827
3.420301,0.802527,0.525965,0.022059,0.451976
3.425300,0.802724,0.525836,0.022054,0.452110
3.430299,0.802921,0.525708,0.022049,0.452243
3.435298,0.803054,0.525622,0.022045,0.452333
3.440297,0.803182,0.525542,0.022042,0.452416
3.445296,0.803383,0.525416,0.022036,0.452548
3.450294,0.803500,0.525342,0.022033,0.452625
3.455293,0.803633,0.525256,0.022030,0.452714
3.460292,0.803794,0.525150,0.022026,0.452824
3.465291,0.803950,0.525046,0.022022,0.452932
3.470290,0.804119,0.524938,0.022017,0.453045
3.475289,0.804247,0.524855,0.022013,0.453131
3.480288,0.804436,0.524737,0.022009,0.453254
3.485287,0.804565,0.524655,0.022005,0.453339
3.490286,0.804698,0.524572,0.022002,0.453426
3.495285,0.804786,0.524514,0.022000,0.453486
3.500284,0.804903,0.524440,0.021997,0.453563
3.505283,0.805031,0.524359,0.021993,0.453648
3.510282,0.805148,0.524286,0.021990,0.453724
3.515280,0.805296,0.524193,0.021985,0.453822
3.520279,0.805400,0.524127,0.021982,0.453890
3.525278,0.805549,0.524032,0.021978,0.453990
3.530277,0.805669,0.523950,0.021975,0.454075
3.535276,0.805774,0.523885,0.021972,0.454143
3.540275,0.805927,0.523787,0.021968,0.454245
3.545274,0.806047,0.523708,0.021965,0.454327
3.550273,0.806212,0.523596,0.021961,0.454443
3.555272,0.806349,0.523508,0.021957,0.454535
3.560271,0.806482,0.523422,0.021954,0.454624
3.565270,0.806646,0.523315,0.021950,0.454735
3.570269,0.806819,0.523203,0.021945,0.454851
3.575268,0.806983,0.523097,0.021941,0.454962
3.580266,0.807108,0.523018,0.021937,0.455045
3.585265,0.807256,0.522921,0.021933,0.455146
3.590264,0.807437,0.522806,0.021928,0.455266
3.595263,0.807625,0.522680,0.021923,0.455397
3.600262,0.807746,0.522600,0.021920,0.455480
3.605261,0.807875,0.522514,0.021916,0.455570
3.610260,0.808039,0.522406,0.021912,0.455682
3.615259,0.808208,0.522295,0.021908,0.455797
3.620258,0.808409,0.522160,0.021903,0.455937
3.625257,0.808549,0.522069,0.021899,0.456032
3.630256,0.808690,0.521980,0.021895,0.456125
3.635255,0.808823,0.521896,0.021891,0.456213
3.640254,0.808979,0.521796,0.021887,0.456317
3.645252,0.809128,0.521699,0.021883,0.456418
3.650251,0.809304,0.521583,0.021879,0.456538
3.655250,0.809477,0.521476,0.021874,0.456649
3.660249,0.809633,0.521378,0.021870,0.456752
3.665248,0.809773,0.521288,0.021866,0.456846
3.670247,0.809894,0.521212,0.021863,0.456926
3.675246,0.810035,0.521122,0.021859,0.457019
3.680245,0.810187,0.521024,0.021855,0.457121
3.685244,0.810376,0.520906,0.021850,0.457244
3.690243,0.810493,0.520831,0.021847,0.457322
3.695242,0.810605,0.520761,0.021844,0.457395
3.700241,0.810769,0.520656,0.021839,0.457504
3.705240,0.810918,0.520563,0.021835,0.457602
3.710238,0.811062,0.520471,0.021831,0.457698
3.715237,0.811218,0.520371,0.021827,0.457803
3.720236,0.811375,0.520269,0.021823,0.457908
3.725235,0.811571,0.520141,0.021818,0.458041
3.730234,0.811740,0.520033,0.021814,0.458153
3.735233,0.811917,0.519921,0.021809,0.458271
3.740232,0.812061,0.519829,0.021805,0.458365
3.745231,0.812198,0.519743,0.021802,0.458456
3.750230,0.812326,0.519659,0.021798,0.458543
3.755229,0.812479,0.519563,0.021795,0.458643
3.760228,0.812620,0.519470,0.021791,0.458738
3.765227,0.812736,0.519395,0.021788,0.458816
3.770226,0.812861,0.519316,0.021785,0.458899
3.775224,0.813001,0.519226,0.021781,0.458992
3.780223,0.813154,0.519130,0.021777,0.459093
3.785222,0.813299,0.519036,0.021774,0.459190
3.790221,0.813447,0.518942,0.021770,0.459288
3.795220,0.813584,0.518856,0.021767,0.459378
3.800219,0.813733,0.518762,0.021763,0.459475
3.805218,0.813913,0.518646,0.021758,0.459596
3.810217,0.814134,0.518506,0.021752,0.459742
3.815216,0.814339,0.518386,0.021747,0.459867
3.820215,0.814476,0.518298,0.021744,0.459958
3.825214,0.814604,0.518216,0.021740,0.460044
3.830213,0.814781,0.518113,0.021736,0.460151
3.835212,0.814982,0.517988,0.021731,0.460281
3.840210,0.815126,0.517894,0.021727,0.460379
3.845209,0.815290,0.517788,0.021723,0.460489
3.850208,0.815443,0.517691,0.021719,0.460590
3.855207,0.815623,0.517573,0.021714,0.460713
3.860206,0.815776,0.517474,0.021711,0.460816
3.865205,0.815997,0.517331,0.021705,0.460964
3.870204,0.816189,0.517215,0.021699,0.461085
3.875203,0.816422,0.517074,0.021693,0.461233
3.880202,0.816667,0.516919,0.021687,0.461394
3.885201,0.816884,0.516782,0.021682,0.461536
3.890200,0.817137,0.516620,0.021675,0.461705
3.895199,0.817326,0.516499,0.021671,0.461831
3.900198,0.817506,0.516388,0.021666,0.461946
3.905196,0.817743,0.516235,0.021660,0.462105
3.910195,0.817908,0.516127,0.021655,0.462217
3.915194,0.818088,0.516013,0.021650,0.462337
3.920193,0.818296,0.515882,0.021644,0.462474
3.925192,0.818509,0.515746,0.021638,0.462615
3.930191,0.818706,0.515622,0.021633,0.462745
3.935190,0.818834,0.515540,0.021630,0.462830
3.940189,0.818970,0.515453,0.021626,0.462921
3.945188,0.819111,0.515364,0.021623,0.463013
3.950187,0.819247,0.515279,0.021619,0.463102
3.955186,0.819392,0.515186,0.021615,0.463198
3.960185,0.819576,0.515066,0.021610,0.463324
3.965183,0.819745,0.514958,0.021606,0.463436
3.970182,0.819914,0.514851,0.021602,0.463548
3.975181,0.820091,0.514741,0.021597,0.463661
3.980180,0.820248,0.514642,0.021594,0.463765
3.985179,0.820429,0.514521,0.021589,0.463890
3.990178,0.820698,0.514347,0.021582,0.464070
3.995177,0.820907,0.514210,0.021577,0.464213
4.000176,0.821200,0.514027,0.021569,0.464403
4.005175,0.821421,0.513882,0.021563,0.464554
4.010174,0.821598,0.513769,0.021559,0.464672
4.015173,0.821803,0.513637,0.021554,0.464810
4.020173,0.821967,0.513530,0.021549,0.464921
4.025172,0.822193,0.513385,0.021544,0.465071
4.030171,0.822393,0.513256,0.021539,0.465205
4.035170,0.822594,0.513133,0.021533,0.465333
4.040169,0.822783,0.513011,0.021528,0.465461
4.045168,0.822979,0.512887,0.021523,0.465590
4.050168,0.823221,0.512734,0.021517,0.465749
4.055167,0.823493,0.512561,0.021509,0.465930
4.060166,0.823758,0.512391,0.021502,0.466107
4.065165,0.824095,0.512180,0.021493,0.466327
4.070164,0.824400,0.511990,0.021485,0.466525
4.075163,0.824633,0.511846,0.021479,0.466674
4.080163,0.824873,0.511696,0.021473,0.466831
4.085162,0.825110,0.511549,0.021467,0.466985
4.090161,0.825414,0.511361,0.021458,0.467181
4.095160,0.825691,0.511188,0.021450,0.467362
4.100159,0.825960,0.511019,0.021443,0.467538
4.105158,0.826185,0.510879,0.021437,0.467684
4.110157,0.826470,0.510704,0.021429,0.467867
4.115157,0.826727,0.510542,0.021423,0.468036
4.120156,0.827020,0.510360,0.021415,0.468224
4.125155,0.827241,0.510223,0.021409,0.468367
4.130154,0.827438,0.510098,0.021404,0.468498
4.135153,0.827634,0.509975,0.021399,0.468626
4.140152,0.827903,0.509803,0.021393,0.468804
4.145152,0.828124,0.509665,0.021387,0.468948
4.150151,0.828374,0.509509,0.021381,0.469110
4.155150,0.828582,0.509378,0.021376,0.469246
4.160149,0.828755,0.509271,0.021372,0.469358
4.165148,0.828948,0.509148,0.021367,0.469485
4.170147,0.829149,0.509024,0.021362,0.469614
4.175147,0.829385,0.508876,0.021356,0.469768
4.180146,0.829638,0.508721,0.021349,0.469930
4.185145,0.829859,0.508588,0.021343,0.470069
4.190144,0.830028,0.508484,0.021339,0.470177
4.195143,0.830324,0.508301,0.021330,0.470368
4.200142,0.830489,0.508201,0.021326,0.470473
4.205142,0.830666,0.508092,0.021322,0.470586
4.210141,0.830890,0.507954,0.021315,0.470731
4.215140,0.831111,0.507822,0.021310,0.470868
4.220139,0.831292,0.507711,0.021305,0.470984
4.225138,0.831489,0.507589,0.021301,0.471110
4.230137,0.831694,0.507464,0.021295,0.471241
4.235137,0.831838,0.507375,0.021291,0.471334
4.240136,0.831975,0.507291,0.021288,0.471421
4.245135,0.832171,0.507171,0.021283,0.471546
4.250134,0.832408,0.507022,0.021277,0.471702
4.255133,0.832573,0.506921,0.021272,0.471807
4.260132,0.832802,0.506780,0.021266,0.471953
4.265131,0.832982,0.506672,0.021261,0.472067
4.270131,0.833227,0.506522,0.021254,0.472224
4.275130,0.833468,0.506371,0.021248,0.472381
4.280129,0.833734,0.506205,0.021242,0.472554
4.285128,0.833959,0.506060,0.021236,0.472704
4.290127,0.834116,0.505963,0.021232,0.472805
4.295126,0.834312,0.505840,0.021227,0.472933
4.300126,0.834460,0.505750,0.021223,0.473027
4.305125,0.834616,0.505655,0.021218,0.473126
4.310124,0.834821,0.505532,0.021213,0.473255
4.315123,0.834949,0.505453,0.021210,0.473338
4.320122,0.835117,0.505351,0.021205,0.473444
4.325121,0.835294,0.505250,0.021200,0.473549
4.330121,0.835430,0.505169,0.021197,0.473634
4.335120,0.835587,0.505076,0.021193,0.473731
4.340119,0.835735,0.504988,0.021189,0.473823
4.345118,0.835900,0.504891,0.021185,0.473925
4.350117,0.836052,0.504799,0.021181,0.474020
4.355116,0.836213,0.504706,0.021176,0.474118
4.360116,0.836377,0.504607,0.021171,0.474222
4.365115,0.836553,0.504504,0.021166,0.474330
4.370114,0.836701,0.504416,0.021162,0.474422
4.375113,0.836849,0.504330,0.021158,0.474513
4.380112,0.837057,0.504208,0.021151,0.474641
4.385111,0.837288,0.504073,0.021144,0.474783
4.390110,0.837529,0.503929,0.021137,0.474933
4.395110,0.837729,0.503808,0.021131,0.475061
4.400109,0.837877,0.503719,0.021127,0.475153
4.405108,0.838106,0.503582,0.021122,0.475296
4.410107,0.838238,0.503504,0.021118,0.475379
4.415106,0.838342,0.503443,0.021115,0.475442
4.420105,0.838498,0.503353,0.021110,0.475537
4.425105,0.838578,0.503306,0.021113,0.475581
4.430104,0.838698,0.503237,0.021109,0.475654
