value,total_removed,ground_removed,cone_removed,unassigned_removed
0.000100,0.461610,0.866517,0.015338,0.118144
0.010100,0.417017,0.883296,0.016715,0.099988
0.020100,0.396388,0.889382,0.016318,0.094299
0.030100,0.392673,0.887658,0.015722,0.096620
0.040100,0.387754,0.890950,0.014875,0.094175
0.050100,0.381735,0.895343,0.015006,0.089651
0.060099,0.378078,0.894877,0.014573,0.090550
0.070099,0.369314,0.897282,0.014832,0.087886
0.080099,0.358208,0.887649,0.014892,0.097459
0.090099,0.335289,0.883961,0.014931,0.101108
0.100099,0.331604,0.884737,0.014486,0.100777
0.110099,0.312716,0.879822,0.015099,0.105078
0.120099,0.299205,0.871734,0.014895,0.113370
0.130099,0.288111,0.866932,0.015505,0.117563
0.140099,0.247309,0.847183,0.015199,0.137618
0.150099,0.251795,0.853097,0.015199,0.131704
0.160098,0.247168,0.847155,0.016400,0.136445
0.170098,0.269737,0.848288,0.013881,0.137832
0.180098,0.265990,0.845531,0.014523,0.139946
0.190098,0.242029,0.840742,0.015492,0.143765
0.200098,0.233007,0.835639,0.015563,0.148799
0.210098,0.230080,0.838433,0.015725,0.145842
0.220098,0.230619,0.838886,0.016213,0.144901
0.230098,0.228545,0.838679,0.016313,0.145008
0.240098,0.224518,0.841406,0.016321,0.142273
0.250098,0.223032,0.842818,0.015560,0.141622
0.260097,0.221171,0.842987,0.015547,0.141466
0.270097,0.211076,0.839185,0.015789,0.145027
0.280097,0.206904,0.845314,0.015436,0.139251
0.290097,0.189993,0.838548,0.014365,0.147088
0.300097,0.181758,0.838383,0.014954,0.146663
0.310097,0.156668,0.832363,0.015676,0.151960
0.320097,0.136146,0.825016,0.017906,0.157078
0.330097,0.133162,0.830107,0.016941,0.152952
0.340097,0.130972,0.826337,0.016863,0.156800
0.350097,0.128319,0.824835,0.016303,0.158862
0.360096,0.127296,0.825041,0.016302,0.158656
0.370096,0.126627,0.824850,0.016274,0.158876
0.380096,0.104325,0.824553,0.018496,0.156951
0.390096,0.104081,0.825642,0.018217,0.156141
0.400096,0.102661,0.824655,0.018437,0.156908
0.410096,0.102058,0.825036,0.018567,0.156397
0.420096,0.100414,0.822808,0.018793,0.158398
0.430096,0.099359,0.824862,0.018719,0.156419
0.440096,0.098672,0.823739,0.018569,0.157692
0.450096,0.097685,0.824068,0.018547,0.157385
0.460095,0.096924,0.823889,0.018467,0.157644
0.470095,0.096065,0.823385,0.018180,0.158435
0.480095,0.094640,0.816948,0.018344,0.164708
0.490095,0.092986,0.815039,0.018528,0.166433
0.500095,0.092729,0.815162,0.018462,0.166376
0.510095,0.091584,0.813912,0.018471,0.167617
0.520095,0.090659,0.812735,0.016817,0.170448
0.530095,0.090047,0.810708,0.016512,0.172780
0.540094,0.088774,0.809109,0.016629,0.174262
0.550094,0.087959,0.807287,0.016718,0.175995
0.560094,0.087347,0.806869,0.015597,0.177534
0.570094,0.086283,0.807454,0.015660,0.176886
0.580094,0.085877,0.797030,0.015502,0.187467
0.590094,0.084826,0.798012,0.014953,0.187035
0.600094,0.083774,0.803541,0.014473,0.181987
0.610094,0.082836,0.804359,0.014093,0.181547
0.620093,0.081996,0.805043,0.014242,0.180715
0.630093,0.080700,0.802435,0.013235,0.184330
0.640093,0.080122,0.802277,0.013239,0.184483
0.650093,0.079496,0.796982,0.012974,0.190044
0.660093,0.077880,0.785830,0.012770,0.201400
0.670093,0.060543,0.774103,0.013395,0.212502
0.680093,0.059597,0.774500,0.013623,0.211876
0.690093,0.058089,0.773201,0.013615,0.213184
0.700092,0.056887,0.769202,0.013911,0.216887
0.710092,0.056779,0.767595,0.013185,0.219220
0.720092,0.056109,0.766237,0.013439,0.220323
0.730092,0.054794,0.762888,0.013518,0.223594
0.740092,0.054245,0.751888,0.014250,0.233862
0.750092,0.053611,0.756238,0.014457,0.229305
0.760092,0.052320,0.753766,0.013768,0.232466
0.770092,0.051805,0.753993,0.013396,0.232611
0.780091,0.049975,0.741800,0.012560,0.245641
0.790091,0.049125,0.738958,0.012477,0.248565
0.800091,0.048651,0.732471,0.012981,0.254547
0.810091,0.048315,0.729666,0.012760,0.257574
0.820091,0.048137,0.711507,0.012974,0.275519
0.830091,0.046768,0.708631,0.013355,0.278014
0.840091,0.046445,0.702322,0.012652,0.285026
0.850091,0.044905,0.696909,0.012996,0.290094
0.860090,0.044180,0.695252,0.013297,0.291451
0.870090,0.043383,0.688542,0.013695,0.297763
0.880090,0.042641,0.687152,0.013493,0.299355
0.890090,0.039098,0.634414,0.018010,0.347576
0.900090,0.038620,0.636984,0.017142,0.345874
0.910090,0.037716,0.630116,0.016825,0.353058
0.920090,0.036892,0.628679,0.016294,0.355027
0.930089,0.035232,0.621230,0.017317,0.361454
0.940089,0.034210,0.613870,0.017944,0.368186
0.950089,0.033913,0.612382,0.018131,0.369487
0.960089,0.033116,0.609704,0.017986,0.372310
0.970089,0.032595,0.609075,0.017639,0.373286
0.980089,0.031120,0.611579,0.016540,0.371880
0.990089,0.030624,0.607020,0.016741,0.376239
1.000089,0.029788,0.601983,0.012605,0.385412
1.010088,0.029658,0.602700,0.011755,0.385545
1.020088,0.028614,0.591082,0.011205,0.397712
1.030088,0.028420,0.592298,0.011256,0.396447
1.040088,0.027976,0.585210,0.011343,0.403447
1.050088,0.027992,0.581526,0.011343,0.407131
1.060088,0.027731,0.579216,0.011468,0.409317
1.070088,0.027691,0.578226,0.011470,0.410304
1.080088,0.027766,0.570706,0.011653,0.417641
1.090087,0.027253,0.571706,0.011753,0.416541
1.100087,0.027350,0.568458,0.011691,0.419851
1.110087,0.027104,0.560546,0.011833,0.427621
1.120087,0.027120,0.549834,0.010866,0.439300
1.130087,0.026971,0.492487,0.003353,0.504160
1.140087,0.026809,0.482452,0.003349,0.514199
1.150087,0.026454,0.483336,0.003425,0.513240
1.160087,0.026265,0.483668,0.003607,0.512725
1.170086,0.025591,0.482174,0.003785,0.514041
1.180086,0.025422,0.479327,0.003832,0.516841
1.190086,0.025097,0.475742,0.003747,0.520511
1.200086,0.024798,0.474277,0.003767,0.521957
1.210086,0.023736,0.472253,0.003349,0.524398
1.220086,0.023149,0.479071,0.003164,0.517766
1.230086,0.022675,0.485687,0.003174,0.511139
1.240085,0.023091,0.471591,0.003091,0.525318
1.250085,0.022732,0.466448,0.003182,0.530370
1.260085,0.022209,0.465476,0.003314,0.531210
1.270085,0.021627,0.460711,0.003291,0.535998
1.280085,0.021559,0.461781,0.003295,0.534924
1.290085,0.021194,0.464156,0.003404,0.532439
1.300085,0.020857,0.464618,0.003459,0.531923
1.310085,0.020545,0.463737,0.003487,0.532777
1.320084,0.020294,0.467403,0.003503,0.529094
1.330084,0.019161,0.459749,0.003631,0.536620
1.340084,0.018700,0.452904,0.003638,0.543457
1.350084,0.018394,0.452607,0.001799,0.545593
1.360084,0.018149,0.450622,0.001890,0.547488
1.370084,0.018289,0.449365,0.001838,0.548797
1.380084,0.018288,0.441790,0.001838,0.556372
1.390084,0.017846,0.437232,0.001759,0.561010
1.400083,0.017982,0.439489,0.001702,0.558809
1.410083,0.017882,0.439070,0.001737,0.559193
1.420083,0.017492,0.435717,0.001751,0.562532
1.430083,0.017222,0.430792,0.001905,0.567302
1.440083,0.016951,0.428995,0.001953,0.569052
1.450083,0.016755,0.425139,0.002065,0.572796
1.460083,0.016037,0.426744,0.002524,0.570732
1.470083,0.015989,0.427232,0.002526,0.570241
1.480082,0.015658,0.420572,0.002765,0.576663
1.490082,0.015373,0.415981,0.004608,0.579410
1.500082,0.015313,0.419856,0.004598,0.575547
1.510082,0.014809,0.424007,0.004753,0.571241
1.520082,0.014417,0.418248,0.004765,0.576987
1.530082,0.014175,0.411247,0.004824,0.583929
1.540082,0.013779,0.414776,0.004391,0.580833
1.550081,0.013760,0.413617,0.004391,0.581992
1.560081,0.013760,0.413617,0.004391,0.581992
1.570081,0.013744,0.413883,0.004395,0.581722
1.580081,0.013652,0.417247,0.004443,0.578310
1.590081,0.013723,0.421371,0.004439,0.574190
1.600081,0.013695,0.421066,0.004224,0.574710
1.610081,0.013558,0.417107,0.004331,0.578562
1.620081,0.013304,0.402838,0.004507,0.592655
1.630080,0.012558,0.410134,0.004541,0.585326
1.640080,0.011788,0.450299,0.007225,0.542476
1.650080,0.011907,0.451825,0.007186,0.540989
1.660080,0.011633,0.448808,0.007638,0.543554
1.670080,0.011278,0.461906,0.008180,0.529914
1.680080,0.011125,0.463861,0.008189,0.527950
1.690080,0.010949,0.452368,0.010093,0.537539
1.700080,0.010949,0.452368,0.010093,0.537539
1.710079,0.011254,0.447987,0.010616,0.541397
1.720079,0.011239,0.448350,0.010616,0.541035
1.730079,0.011019,0.436278,0.010616,0.553106
1.740079,0.012550,0.426349,0.010384,0.563267
1.750079,0.012371,0.423245,0.010090,0.566665
1.760079,0.012832,0.428160,0.010022,0.561818
1.770079,0.012832,0.428160,0.010022,0.561818
1.780079,0.014111,0.449376,0.010478,0.540146
1.790078,0.013851,0.450165,0.001042,0.548794
1.800078,0.013554,0.440688,0.001037,0.558275
1.810078,0.013463,0.448508,0.001048,0.550444
1.820078,0.013475,0.447461,0.001048,0.551491
1.830078,0.013447,0.447268,0.001052,0.551680
1.840078,0.013228,0.424320,0.001052,0.574628
1.850078,0.013091,0.424535,0.001052,0.574412
1.860078,0.013120,0.426143,0.001052,0.572804
1.870077,0.012776,0.432354,0.001089,0.566557
1.880077,0.012748,0.432145,0.001094,0.566761
1.890077,0.012635,0.432368,0.001094,0.566538
1.900077,0.012335,0.412266,0.001123,0.586611
1.910077,0.012120,0.408479,0.001177,0.590344
1.920077,0.012120,0.408479,0.001177,0.590344
1.930077,0.012080,0.411112,0.001177,0.587712
1.940076,0.011939,0.409781,0.001177,0.589042
1.950076,0.011842,0.414776,0.001177,0.584048
1.960076,0.008762,0.392003,0.000000,0.607997
1.970076,0.008305,0.376716,0.000000,0.623284
1.980076,0.008321,0.379778,0.000000,0.620222
1.990076,0.008321,0.379778,0.000000,0.620222
2.000076,0.008478,0.371269,0.000000,0.628731
2.010076,0.008450,0.369866,0.000000,0.630134
2.020076,0.008576,0.362193,0.000000,0.637807
2.030076,0.008580,0.362039,0.000000,0.637961
2.040076,0.008600,0.359774,0.000000,0.640226
2.050076,0.008278,0.352850,0.000000,0.647150
2.060076,0.008259,0.352903,0.000000,0.647097
2.070076,0.008259,0.352903,0.000000,0.647097
2.080076,0.008259,0.352903,0.000000,0.647097
2.090076,0.008138,0.364252,0.000000,0.635748
2.100076,0.008110,0.362395,0.000000,0.637605
2.110076,0.008170,0.359095,0.000000,0.640905
2.120076,0.007851,0.329893,0.000000,0.670107
2.130076,0.007362,0.317837,0.000000,0.682163
2.140076,0.007338,0.316610,0.000000,0.683390
2.150076,0.007600,0.306335,0.000000,0.693665
2.160076,0.007667,0.305814,0.000000,0.694186
2.170076,0.007518,0.304341,0.000000,0.695659
2.180076,0.007462,0.304341,0.000000,0.695659
2.190076,0.007752,0.293539,0.000000,0.706461
2.200076,0.007712,0.293815,0.000000,0.706185
2.210076,0.007631,0.296743,0.000000,0.703257
2.220076,0.007427,0.282925,0.000000,0.717075
2.230076,0.007395,0.281175,0.000000,0.718825
2.240076,0.006835,-nan,-nan,-nan
2.250076,0.006134,-nan,-nan,-nan
2.260076,0.006349,-nan,-nan,-nan
2.270076,0.006345,-nan,-nan,-nan
2.280076,0.006337,-nan,-nan,-nan
2.290076,0.006272,-nan,-nan,-nan
2.300076,0.006380,-nan,-nan,-nan
2.310076,0.006472,-nan,-nan,-nan
2.320076,0.006404,-nan,-nan,-nan
2.330076,0.006384,-nan,-nan,-nan
2.340075,0.006384,-nan,-nan,-nan
2.350075,0.006376,-nan,-nan,-nan
2.360075,0.006117,-nan,-nan,-nan
2.370075,0.006117,-nan,-nan,-nan
2.380075,0.006085,-nan,-nan,-nan
2.390075,0.006085,-nan,-nan,-nan
2.400075,0.005757,-nan,-nan,-nan
2.410075,0.005757,-nan,-nan,-nan
2.420075,0.005765,-nan,-nan,-nan
2.430075,0.005765,-nan,-nan,-nan
2.440075,0.005554,-nan,-nan,-nan
2.450075,0.004853,-nan,-nan,-nan
2.460075,0.004704,-nan,-nan,-nan
2.470075,0.004523,-nan,-nan,-nan
2.480075,0.004523,-nan,-nan,-nan
2.490075,0.004523,-nan,-nan,-nan
2.500075,0.004340,-nan,-nan,-nan
2.510075,0.004316,-nan,-nan,-nan
2.520075,0.004288,-nan,-nan,-nan
2.530075,0.004244,-nan,-nan,-nan
2.540075,0.004208,-nan,-nan,-nan
2.550075,0.004073,-nan,-nan,-nan
2.560075,0.004013,-nan,-nan,-nan
2.570075,0.003969,-nan,-nan,-nan
2.580075,0.003941,-nan,-nan,-nan
2.590075,0.003873,-nan,-nan,-nan
2.600075,0.003773,-nan,-nan,-nan
2.610075,0.003805,-nan,-nan,-nan
2.620075,0.003684,-nan,-nan,-nan
2.630075,0.003604,-nan,-nan,-nan
2.640075,0.003716,-nan,-nan,-nan
2.650075,0.003469,-nan,-nan,-nan
2.660075,0.003352,-nan,-nan,-nan
2.670075,0.003352,-nan,-nan,-nan
2.680075,0.003333,-nan,-nan,-nan
2.690075,0.003445,-nan,-nan,-nan
2.700075,0.003470,-nan,-nan,-nan
2.710075,0.003345,-nan,-nan,-nan
2.720075,0.003503,-nan,-nan,-nan
2.730075,0.003372,-nan,-nan,-nan
2.740075,0.003396,-nan,-nan,-nan
2.750075,0.003420,-nan,-nan,-nan
2.760075,0.003420,-nan,-nan,-nan
2.770075,0.003589,-nan,-nan,-nan
2.780075,0.003654,-nan,-nan,-nan
2.790075,0.003654,-nan,-nan,-nan
2.800075,0.003654,-nan,-nan,-nan
2.810075,0.003594,-nan,-nan,-nan
2.820075,0.003594,-nan,-nan,-nan
2.830075,0.003515,-nan,-nan,-nan
2.840075,0.002899,-nan,-nan,-nan
2.850075,0.002867,-nan,-nan,-nan
2.860075,0.002582,-nan,-nan,-nan
2.870075,0.002578,-nan,-nan,-nan
2.880075,0.002578,-nan,-nan,-nan
2.890075,0.002578,-nan,-nan,-nan
2.900075,0.002578,-nan,-nan,-nan
2.910075,0.002578,-nan,-nan,-nan
2.920075,0.002578,-nan,-nan,-nan
2.930075,0.002578,-nan,-nan,-nan
2.940075,0.002634,-nan,-nan,-nan
2.950075,0.002634,-nan,-nan,-nan
2.960075,0.002634,-nan,-nan,-nan
2.970075,0.002634,-nan,-nan,-nan
2.980075,0.002634,-nan,-nan,-nan
2.990075,0.002634,-nan,-nan,-nan
3.000075,0.002634,-nan,-nan,-nan
3.010075,0.002634,-nan,-nan,-nan
3.020075,0.002634,-nan,-nan,-nan
3.030075,0.002634,-nan,-nan,-nan
3.040075,0.002634,-nan,-nan,-nan
3.050075,0.002634,-nan,-nan,-nan
3.060075,0.002634,-nan,-nan,-nan
3.070075,0.002634,-nan,-nan,-nan
3.080075,0.002634,-nan,-nan,-nan
3.090075,0.002634,-nan,-nan,-nan
3.100075,0.002634,-nan,-nan,-nan
3.110075,0.002634,-nan,-nan,-nan
3.120075,0.002662,-nan,-nan,-nan
3.130075,0.002662,-nan,-nan,-nan
3.140075,0.002662,-nan,-nan,-nan
3.150075,0.002662,-nan,-nan,-nan
3.160075,0.002662,-nan,-nan,-nan
3.170075,0.002662,-nan,-nan,-nan
3.180075,0.002662,-nan,-nan,-nan
3.190075,0.002662,-nan,-nan,-nan
3.200075,0.002606,-nan,-nan,-nan
3.210075,0.002606,-nan,-nan,-nan
3.220075,0.002606,-nan,-nan,-nan
3.230075,0.002606,-nan,-nan,-nan
3.240075,0.002606,-nan,-nan,-nan
3.250075,0.002606,-nan,-nan,-nan
3.260075,0.002606,-nan,-nan,-nan
3.270075,0.002606,-nan,-nan,-nan
3.280075,0.002606,-nan,-nan,-nan
3.290075,0.002606,-nan,-nan,-nan
3.300075,0.002606,-nan,-nan,-nan
3.310075,0.002606,-nan,-nan,-nan
3.320075,0.002606,-nan,-nan,-nan
3.330075,0.002606,-nan,-nan,-nan
3.340075,0.002606,-nan,-nan,-nan
3.350075,0.002606,-nan,-nan,-nan
3.360075,0.002606,-nan,-nan,-nan
3.370075,0.002606,-nan,-nan,-nan
3.380075,0.002606,-nan,-nan,-nan
3.390074,0.002606,-nan,-nan,-nan
3.400074,0.002606,-nan,-nan,-nan
3.410074,0.002606,-nan,-nan,-nan
3.420074,0.002606,-nan,-nan,-nan
3.430074,0.002606,-nan,-nan,-nan
3.440074,0.002606,-nan,-nan,-nan
3.450074,0.002606,-nan,-nan,-nan
3.460074,0.002606,-nan,-nan,-nan
3.470074,0.002606,-nan,-nan,-nan
3.480074,0.002606,-nan,-nan,-nan
3.490074,0.002606,-nan,-nan,-nan
3.500074,0.002606,-nan,-nan,-nan
3.510074,0.002606,-nan,-nan,-nan
3.520074,0.002606,-nan,-nan,-nan
3.530074,0.002606,-nan,-nan,-nan
3.540074,0.002606,-nan,-nan,-nan
3.550074,0.002606,-nan,-nan,-nan
3.560074,0.002606,-nan,-nan,-nan
3.570074,0.002606,-nan,-nan,-nan
3.580074,0.002606,-nan,-nan,-nan
3.590074,0.002606,-nan,-nan,-nan
3.600074,0.002606,-nan,-nan,-nan
3.610074,0.002606,-nan,-nan,-nan
3.620074,0.002606,-nan,-nan,-nan
3.630074,0.002606,-nan,-nan,-nan
3.640074,0.002606,-nan,-nan,-nan
3.650074,0.002606,-nan,-nan,-nan
3.660074,0.002606,-nan,-nan,-nan
3.670074,0.002606,-nan,-nan,-nan
3.680074,0.002606,-nan,-nan,-nan
3.690074,0.002606,-nan,-nan,-nan
3.700074,0.002606,-nan,-nan,-nan
3.710074,0.002606,-nan,-nan,-nan
3.720074,0.002606,-nan,-nan,-nan
3.730074,0.002606,-nan,-nan,-nan
3.740074,0.002606,-nan,-nan,-nan
3.750074,0.002606,-nan,-nan,-nan
3.760074,0.002606,-nan,-nan,-nan
3.770074,0.002606,-nan,-nan,-nan
3.780074,0.002606,-nan,-nan,-nan
3.790074,0.002606,-nan,-nan,-nan
3.800074,0.002606,-nan,-nan,-nan
3.810074,0.002606,-nan,-nan,-nan
3.820074,0.002606,-nan,-nan,-nan
3.830074,0.002606,-nan,-nan,-nan
3.840074,0.002606,-nan,-nan,-nan
3.850074,0.002606,-nan,-nan,-nan
3.860074,0.002606,-nan,-nan,-nan
3.870074,0.002606,-nan,-nan,-nan
3.880074,0.002606,-nan,-nan,-nan
3.890074,0.002606,-nan,-nan,-nan
3.900074,0.002606,-nan,-nan,-nan
3.910074,0.002606,-nan,-nan,-nan
3.920074,0.002606,-nan,-nan,-nan
3.930074,0.002606,-nan,-nan,-nan
3.940074,0.002606,-nan,-nan,-nan
3.950074,0.002606,-nan,-nan,-nan
3.960074,0.002606,-nan,-nan,-nan
3.970074,0.002606,-nan,-nan,-nan
3.980074,0.002606,-nan,-nan,-nan
3.990074,0.002606,-nan,-nan,-nan
4.000074,0.002606,-nan,-nan,-nan
4.010074,0.002606,-nan,-nan,-nan
4.020073,0.002606,-nan,-nan,-nan
4.030073,0.002606,-nan,-nan,-nan
4.040073,0.002606,-nan,-nan,-nan
4.050073,0.002606,-nan,-nan,-nan
4.060072,0.002606,-nan,-nan,-nan
4.070072,0.002606,-nan,-nan,-nan
4.080072,0.002606,-nan,-nan,-nan
4.090072,0.002606,-nan,-nan,-nan
4.100071,0.002606,-nan,-nan,-nan
4.110071,0.002606,-nan,-nan,-nan
4.120071,0.002606,-nan,-nan,-nan
4.130071,0.002606,-nan,-nan,-nan
4.140070,0.002606,-nan,-nan,-nan
4.150070,0.002606,-nan,-nan,-nan
4.160070,0.002606,-nan,-nan,-nan
4.170070,0.002606,-nan,-nan,-nan
4.180069,0.002606,-nan,-nan,-nan
4.190069,0.002606,-nan,-nan,-nan
4.200069,0.002606,-nan,-nan,-nan
4.210069,0.002606,-nan,-nan,-nan
4.220068,0.002606,-nan,-nan,-nan
4.230068,0.002606,-nan,-nan,-nan
4.240068,0.002606,-nan,-nan,-nan
4.250068,0.002606,-nan,-nan,-nan
4.260067,0.002606,-nan,-nan,-nan
4.270067,0.002606,-nan,-nan,-nan
4.280067,0.002606,-nan,-nan,-nan
4.290067,0.002606,-nan,-nan,-nan
4.300066,0.002606,-nan,-nan,-nan
4.310066,0.002606,-nan,-nan,-nan
4.320066,0.002606,-nan,-nan,-nan
4.330066,0.002606,-nan,-nan,-nan
4.340065,0.002606,-nan,-nan,-nan
4.350065,0.002606,-nan,-nan,-nan
4.360065,0.002606,-nan,-nan,-nan
4.370065,0.002606,-nan,-nan,-nan
4.380064,0.002606,-nan,-nan,-nan
4.390064,0.002606,-nan,-nan,-nan
4.400064,0.002606,-nan,-nan,-nan
4.410064,0.002606,-nan,-nan,-nan
4.420063,0.002606,-nan,-nan,-nan
4.430063,0.002606,-nan,-nan,-nan
4.440063,0.002606,-nan,-nan,-nan
4.450063,0.002606,-nan,-nan,-nan
4.460063,0.002606,-nan,-nan,-nan
4.470062,0.002606,-nan,-nan,-nan
4.480062,0.002606,-nan,-nan,-nan
4.490062,0.002606,-nan,-nan,-nan
4.500062,0.002606,-nan,-nan,-nan
4.510061,0.002606,-nan,-nan,-nan
4.520061,0.002606,-nan,-nan,-nan
4.530061,0.002606,-nan,-nan,-nan
4.540061,0.002606,-nan,-nan,-nan
4.550060,0.002606,-nan,-nan,-nan
4.560060,0.002606,-nan,-nan,-nan
4.570060,0.002606,-nan,-nan,-nan
4.580060,0.002606,-nan,-nan,-nan
4.590059,0.002606,-nan,-nan,-nan
4.600059,0.002606,-nan,-nan,-nan
4.610059,0.002606,-nan,-nan,-nan
4.620059,0.002606,-nan,-nan,-nan
4.630058,0.002606,-nan,-nan,-nan
4.640058,0.002606,-nan,-nan,-nan
4.650058,0.002606,-nan,-nan,-nan
4.660058,0.002606,-nan,-nan,-nan
4.670057,0.002606,-nan,-nan,-nan
4.680057,0.002606,-nan,-nan,-nan
4.690057,0.002606,-nan,-nan,-nan
4.700057,0.002606,-nan,-nan,-nan
4.710056,0.002606,-nan,-nan,-nan
4.720056,0.002606,-nan,-nan,-nan
4.730056,0.002606,-nan,-nan,-nan
4.740056,0.002606,-nan,-nan,-nan
4.750055,0.002606,-nan,-nan,-nan
4.760055,0.002606,-nan,-nan,-nan
4.770055,0.002606,-nan,-nan,-nan
4.780055,0.002606,-nan,-nan,-nan
4.790054,0.002606,-nan,-nan,-nan
4.800054,0.002606,-nan,-nan,-nan
4.810054,0.002606,-nan,-nan,-nan
4.820054,0.002606,-nan,-nan,-nan
4.830053,0.002606,-nan,-nan,-nan
4.840053,0.002606,-nan,-nan,-nan
4.850053,0.002606,-nan,-nan,-nan
4.860053,0.002606,-nan,-nan,-nan
4.870052,0.002606,-nan,-nan,-nan
4.880052,0.002606,-nan,-nan,-nan
4.890052,0.002606,-nan,-nan,-nan
4.900052,0.002606,-nan,-nan,-nan
4.910051,0.002606,-nan,-nan,-nan
4.920051,0.002606,-nan,-nan,-nan
4.930051,0.002606,-nan,-nan,-nan
4.940051,0.002606,-nan,-nan,-nan
4.950050,0.002606,-nan,-nan,-nan
4.960050,0.002606,-nan,-nan,-nan
4.970050,0.002606,-nan,-nan,-nan
4.980050,0.002606,-nan,-nan,-nan
4.990049,0.002606,-nan,-nan,-nan
5.000049,0.002606,-nan,-nan,-nan
5.010049,0.002606,-nan,-nan,-nan
5.020049,0.002606,-nan,-nan,-nan
5.030048,0.002606,-nan,-nan,-nan
5.040048,0.002606,-nan,-nan,-nan
5.050048,0.002606,-nan,-nan,-nan
5.060048,0.002606,-nan,-nan,-nan
5.070047,0.002606,-nan,-nan,-nan
5.080047,0.002606,-nan,-nan,-nan
5.090047,0.002606,-nan,-nan,-nan
5.100047,0.002606,-nan,-nan,-nan
5.110046,0.002606,-nan,-nan,-nan
5.120046,0.002606,-nan,-nan,-nan
5.130046,0.002606,-nan,-nan,-nan
5.140046,0.002606,-nan,-nan,-nan
5.150045,0.002606,-nan,-nan,-nan
5.160045,0.002606,-nan,-nan,-nan
5.170045,0.002606,-nan,-nan,-nan
5.180045,0.002606,-nan,-nan,-nan
5.190044,0.002606,-nan,-nan,-nan
5.200044,0.002606,-nan,-nan,-nan
5.210044,0.002606,-nan,-nan,-nan
5.220044,0.002606,-nan,-nan,-nan
5.230043,0.002606,-nan,-nan,-nan
5.240043,0.002606,-nan,-nan,-nan
5.250043,0.002606,-nan,-nan,-nan
5.260043,0.002606,-nan,-nan,-nan
5.270042,0.002606,-nan,-nan,-nan
5.280042,0.002606,-nan,-nan,-nan
5.290042,0.002606,-nan,-nan,-nan
5.300042,0.002606,-nan,-nan,-nan
5.310041,0.002606,-nan,-nan,-nan
5.320041,0.002606,-nan,-nan,-nan
5.330041,0.002606,-nan,-nan,-nan
5.340041,0.002606,-nan,-nan,-nan
5.350040,0.002606,-nan,-nan,-nan
5.360040,0.002606,-nan,-nan,-nan
5.370040,0.002606,-nan,-nan,-nan
5.380040,0.002606,-nan,-nan,-nan
5.390039,0.002606,-nan,-nan,-nan
5.400039,0.002606,-nan,-nan,-nan
5.410039,0.002606,-nan,-nan,-nan
5.420039,0.002606,-nan,-nan,-nan
5.430038,0.002606,-nan,-nan,-nan
5.440038,0.002606,-nan,-nan,-nan
5.450038,0.002606,-nan,-nan,-nan
5.460038,0.002606,-nan,-nan,-nan
5.470037,0.002606,-nan,-nan,-nan
5.480037,0.002606,-nan,-nan,-nan
5.490037,0.002606,-nan,-nan,-nan
5.500037,0.002606,-nan,-nan,-nan
5.510036,0.002606,-nan,-nan,-nan
5.520036,0.002606,-nan,-nan,-nan
5.530036,0.002606,-nan,-nan,-nan
5.540036,0.002606,-nan,-nan,-nan
5.550035,0.002606,-nan,-nan,-nan
5.560035,0.002606,-nan,-nan,-nan
5.570035,0.002606,-nan,-nan,-nan
5.580035,0.002606,-nan,-nan,-nan
5.590034,0.002606,-nan,-nan,-nan
5.600034,0.002606,-nan,-nan,-nan
5.610034,0.002606,-nan,-nan,-nan
5.620034,0.002606,-nan,-nan,-nan
5.630033,0.002606,-nan,-nan,-nan
5.640033,0.002606,-nan,-nan,-nan
5.650033,0.002606,-nan,-nan,-nan
5.660033,0.002606,-nan,-nan,-nan
5.670033,0.002606,-nan,-nan,-nan
5.680032,0.002606,-nan,-nan,-nan
5.690032,0.002606,-nan,-nan,-nan
5.700032,0.002606,-nan,-nan,-nan
5.710032,0.002606,-nan,-nan,-nan
5.720031,0.002606,-nan,-nan,-nan
5.730031,0.002606,-nan,-nan,-nan
5.740031,0.002606,-nan,-nan,-nan
5.750031,0.002606,-nan,-nan,-nan
5.760030,0.002606,-nan,-nan,-nan
5.770030,0.002606,-nan,-nan,-nan
5.780030,0.002606,-nan,-nan,-nan
5.790030,0.002606,-nan,-nan,-nan
5.800029,0.002606,-nan,-nan,-nan
5.810029,0.002606,-nan,-nan,-nan
5.820029,0.002606,-nan,-nan,-nan
5.830029,0.002606,-nan,-nan,-nan
5.840028,0.002606,-nan,-nan,-nan
5.850028,0.002606,-nan,-nan,-nan
5.860028,0.002606,-nan,-nan,-nan
5.870028,0.002606,-nan,-nan,-nan
5.880027,0.002606,-nan,-nan,-nan
5.890027,0.002606,-nan,-nan,-nan
5.900027,0.002606,-nan,-nan,-nan
5.910027,0.002606,-nan,-nan,-nan
5.920026,0.002606,-nan,-nan,-nan
5.930026,0.002606,-nan,-nan,-nan
5.940026,0.002606,-nan,-nan,-nan
5.950026,0.002606,-nan,-nan,-nan
5.960025,0.002606,-nan,-nan,-nan
5.970025,0.002606,-nan,-nan,-nan
5.980025,0.002606,-nan,-nan,-nan
5.990025,0.002606,-nan,-nan,-nan
6.000024,0.002606,-nan,-nan,-nan
6.010024,0.002606,-nan,-nan,-nan
6.020024,0.002606,-nan,-nan,-nan
6.030024,0.002606,-nan,-nan,-nan
6.040023,0.002606,-nan,-nan,-nan
6.050023,0.002606,-nan,-nan,-nan
6.060023,0.002606,-nan,-nan,-nan
6.070023,0.002606,-nan,-nan,-nan
6.080022,0.002606,-nan,-nan,-nan
6.090022,0.002606,-nan,-nan,-nan
6.100022,0.002606,-nan,-nan,-nan
6.110022,0.002606,-nan,-nan,-nan
6.120021,0.002606,-nan,-nan,-nan
6.130021,0.002606,-nan,-nan,-nan
6.140021,0.002606,-nan,-nan,-nan
6.150021,0.002606,-nan,-nan,-nan
6.160020,0.002606,-nan,-nan,-nan
6.170020,0.002606,-nan,-nan,-nan
6.180020,0.002606,-nan,-nan,-nan
6.190020,0.002606,-nan,-nan,-nan
6.200019,0.002606,-nan,-nan,-nan
6.210019,0.002606,-nan,-nan,-nan
6.220019,0.002606,-nan,-nan,-nan
6.230019,0.002606,-nan,-nan,-nan
6.240018,0.002606,-nan,-nan,-nan
6.250018,0.002606,-nan,-nan,-nan
6.260018,0.002606,-nan,-nan,-nan
6.270018,0.002606,-nan,-nan,-nan
6.280017,0.002606,-nan,-nan,-nan
6.290017,0.002606,-nan,-nan,-nan
6.300017,0.002606,-nan,-nan,-nan
6.310017,0.002606,-nan,-nan,-nan
6.320016,0.002606,-nan,-nan,-nan
6.330016,0.002606,-nan,-nan,-nan
6.340016,0.002606,-nan,-nan,-nan
6.350016,0.002606,-nan,-nan,-nan
6.360015,0.002606,-nan,-nan,-nan
6.370015,0.002606,-nan,-nan,-nan
6.380015,0.002606,-nan,-nan,-nan
6.390015,0.002606,-nan,-nan,-nan
6.400014,0.002606,-nan,-nan,-nan
6.410014,0.002606,-nan,-nan,-nan
6.420014,0.002606,-nan,-nan,-nan
6.430014,0.002606,-nan,-nan,-nan
6.440013,0.002606,-nan,-nan,-nan
6.450013,0.002606,-nan,-nan,-nan
6.460013,0.002606,-nan,-nan,-nan
6.470013,0.002606,-nan,-nan,-nan
6.480012,0.002606,-nan,-nan,-nan
6.490012,0.002606,-nan,-nan,-nan
6.500012,0.002606,-nan,-nan,-nan
6.510012,0.002606,-nan,-nan,-nan
6.520011,0.002606,-nan,-nan,-nan
6.530011,0.002606,-nan,-nan,-nan
6.540011,0.002606,-nan,-nan,-nan
6.550011,0.002606,-nan,-nan,-nan
6.560010,0.002606,-nan,-nan,-nan
6.570010,0.002606,-nan,-nan,-nan
6.580010,0.002606,-nan,-nan,-nan
6.590010,0.002606,-nan,-nan,-nan
6.600009,0.002606,-nan,-nan,-nan
6.610009,0.002606,-nan,-nan,-nan
6.620009,0.002606,-nan,-nan,-nan
6.630009,0.002606,-nan,-nan,-nan
6.640008,0.002606,-nan,-nan,-nan
6.650008,0.002606,-nan,-nan,-nan
6.660008,0.002606,-nan,-nan,-nan
6.670008,0.002606,-nan,-nan,-nan
6.680007,0.002606,-nan,-nan,-nan
6.690007,0.002606,-nan,-nan,-nan
6.700007,0.002606,-nan,-nan,-nan
6.710007,0.002606,-nan,-nan,-nan
6.720006,0.002606,-nan,-nan,-nan
6.730006,0.002606,-nan,-nan,-nan
6.740006,0.002606,-nan,-nan,-nan
6.750006,0.002606,-nan,-nan,-nan
6.760005,0.002606,-nan,-nan,-nan
6.770005,0.002606,-nan,-nan,-nan
6.780005,0.002606,-nan,-nan,-nan
6.790005,0.002606,-nan,-nan,-nan
6.800004,0.002606,-nan,-nan,-nan
6.810004,0.002606,-nan,-nan,-nan
6.820004,0.002606,-nan,-nan,-nan
6.830004,0.002606,-nan,-nan,-nan
6.840003,0.002606,-nan,-nan,-nan
6.850003,0.002606,-nan,-nan,-nan
6.860003,0.002606,-nan,-nan,-nan
6.870003,0.002606,-nan,-nan,-nan
6.880002,0.002606,-nan,-nan,-nan
6.890002,0.002606,-nan,-nan,-nan
6.900002,0.002606,-nan,-nan,-nan
6.910002,0.002606,-nan,-nan,-nan
6.920002,0.002606,-nan,-nan,-nan
6.930001,0.002606,-nan,-nan,-nan
6.940001,0.002606,-nan,-nan,-nan
6.950001,0.002606,-nan,-nan,-nan
6.960001,0.002606,-nan,-nan,-nan
6.970000,0.002606,-nan,-nan,-nan
6.980000,0.002606,-nan,-nan,-nan
6.990000,0.002606,-nan,-nan,-nan
7.000000,0.002606,-nan,-nan,-nan
7.009999,0.002606,-nan,-nan,-nan
7.019999,0.002606,-nan,-nan,-nan
7.029999,0.002606,-nan,-nan,-nan
7.039999,0.002606,-nan,-nan,-nan
7.049998,0.002606,-nan,-nan,-nan
7.059998,0.002606,-nan,-nan,-nan
7.069998,0.002606,-nan,-nan,-nan
7.079998,0.002606,-nan,-nan,-nan
7.089997,0.002606,-nan,-nan,-nan
7.099997,0.002606,-nan,-nan,-nan
7.109997,0.002606,-nan,-nan,-nan
7.119997,0.002606,-nan,-nan,-nan
7.129996,0.002606,-nan,-nan,-nan
7.139996,0.002606,-nan,-nan,-nan
7.149996,0.002606,-nan,-nan,-nan
7.159996,0.002606,-nan,-nan,-nan
7.169995,0.002606,-nan,-nan,-nan
7.179995,0.002606,-nan,-nan,-nan
7.189995,0.002606,-nan,-nan,-nan
7.199995,0.002606,-nan,-nan,-nan
7.209994,0.002606,-nan,-nan,-nan
7.219994,0.002606,-nan,-nan,-nan
7.229994,0.002606,-nan,-nan,-nan
7.239994,0.002606,-nan,-nan,-nan
7.249993,0.002606,-nan,-nan,-nan
7.259993,0.002606,-nan,-nan,-nan
7.269993,0.002606,-nan,-nan,-nan
7.279993,0.002606,-nan,-nan,-nan
7.289992,0.002606,-nan,-nan,-nan
7.299992,0.002606,-nan,-nan,-nan
7.309992,0.002606,-nan,-nan,-nan
7.319992,0.002606,-nan,-nan,-nan
7.329991,0.002606,-nan,-nan,-nan
7.339991,0.002606,-nan,-nan,-nan
7.349991,0.002606,-nan,-nan,-nan
7.359991,0.002606,-nan,-nan,-nan
7.369990,0.002606,-nan,-nan,-nan
7.379990,0.002606,-nan,-nan,-nan
7.389990,0.002606,-nan,-nan,-nan
7.399990,0.002606,-nan,-nan,-nan
7.409989,0.002606,-nan,-nan,-nan
7.419989,0.002606,-nan,-nan,-nan
7.429989,0.002606,-nan,-nan,-nan
7.439989,0.002606,-nan,-nan,-nan
7.449988,0.002606,-nan,-nan,-nan
7.459988,0.002606,-nan,-nan,-nan
7.469988,0.002606,-nan,-nan,-nan
7.479988,0.002606,-nan,-nan,-nan
7.489987,0.002606,-nan,-nan,-nan
7.499987,0.002606,-nan,-nan,-nan
7.509987,0.002606,-nan,-nan,-nan
7.519987,0.002606,-nan,-nan,-nan
7.529986,0.002606,-nan,-nan,-nan
7.539986,0.002606,-nan,-nan,-nan
7.549986,0.002606,-nan,-nan,-nan
7.559986,0.002606,-nan,-nan,-nan
7.569985,0.002606,-nan,-nan,-nan
7.579985,0.002606,-nan,-nan,-nan
7.589985,0.002606,-nan,-nan,-nan
7.599985,0.002606,-nan,-nan,-nan
7.609984,0.002606,-nan,-nan,-nan
7.619984,0.002606,-nan,-nan,-nan
7.629984,0.002606,-nan,-nan,-nan
7.639984,0.002606,-nan,-nan,-nan
7.649983,0.002606,-nan,-nan,-nan
7.659983,0.002606,-nan,-nan,-nan
7.669983,0.002606,-nan,-nan,-nan
7.679983,0.002606,-nan,-nan,-nan
7.689982,0.002606,-nan,-nan,-nan
7.699982,0.002606,-nan,-nan,-nan
7.709982,0.002606,-nan,-nan,-nan
7.719982,0.002606,-nan,-nan,-nan
7.729981,0.002606,-nan,-nan,-nan
7.739981,0.002606,-nan,-nan,-nan
7.749981,0.002606,-nan,-nan,-nan
7.759981,0.002606,-nan,-nan,-nan
7.769980,0.002606,-nan,-nan,-nan
7.779980,0.002606,-nan,-nan,-nan
7.789980,0.002606,-nan,-nan,-nan
7.799980,0.002606,-nan,-nan,-nan
7.809979,0.002606,-nan,-nan,-nan
7.819979,0.002606,-nan,-nan,-nan
7.829979,0.002606,-nan,-nan,-nan
7.839979,0.002606,-nan,-nan,-nan
7.849978,0.002606,-nan,-nan,-nan
7.859978,0.002606,-nan,-nan,-nan
7.869978,0.002606,-nan,-nan,-nan
7.879978,0.002606,-nan,-nan,-nan
7.889977,0.002606,-nan,-nan,-nan
7.899977,0.002606,-nan,-nan,-nan
7.909977,0.002606,-nan,-nan,-nan
7.919977,0.002606,-nan,-nan,-nan
7.929976,0.002606,-nan,-nan,-nan
7.939976,0.002606,-nan,-nan,-nan
7.949976,0.002606,-nan,-nan,-nan
7.959976,0.002606,-nan,-nan,-nan
7.969975,0.002606,-nan,-nan,-nan
7.979975,0.002606,-nan,-nan,-nan
7.989975,0.002606,-nan,-nan,-nan
7.999975,0.002606,-nan,-nan,-nan
8.009974,0.002606,-nan,-nan,-nan
8.019975,0.002606,-nan,-nan,-nan
8.029975,0.002606,-nan,-nan,-nan
8.039975,0.002606,-nan,-nan,-nan
8.049975,0.002606,-nan,-nan,-nan
8.059976,0.002606,-nan,-nan,-nan
8.069976,0.002606,-nan,-nan,-nan
8.079976,0.002606,-nan,-nan,-nan
8.089976,0.002606,-nan,-nan,-nan
8.099977,0.002606,-nan,-nan,-nan
8.109977,0.002606,-nan,-nan,-nan
8.119977,0.002606,-nan,-nan,-nan
8.129977,0.002606,-nan,-nan,-nan
8.139977,0.002606,-nan,-nan,-nan
8.149978,0.002606,-nan,-nan,-nan
8.159978,0.002606,-nan,-nan,-nan
8.169978,0.002606,-nan,-nan,-nan
8.179978,0.002606,-nan,-nan,-nan
8.189979,0.002606,-nan,-nan,-nan
8.199979,0.002606,-nan,-nan,-nan
8.209979,0.002606,-nan,-nan,-nan
8.219979,0.002606,-nan,-nan,-nan
8.229980,0.002606,-nan,-nan,-nan
8.239980,0.002606,-nan,-nan,-nan
8.249980,0.002606,-nan,-nan,-nan
8.259980,0.002606,-nan,-nan,-nan
8.269980,0.002606,-nan,-nan,-nan
8.279981,0.002606,-nan,-nan,-nan
8.289981,0.002606,-nan,-nan,-nan
8.299981,0.002606,-nan,-nan,-nan
8.309981,0.002606,-nan,-nan,-nan
8.319982,0.002606,-nan,-nan,-nan
8.329982,0.002606,-nan,-nan,-nan
8.339982,0.002606,-nan,-nan,-nan
8.349982,0.002606,-nan,-nan,-nan
8.359982,0.002606,-nan,-nan,-nan
8.369983,0.002606,-nan,-nan,-nan
8.379983,0.002606,-nan,-nan,-nan
8.389983,0.002606,-nan,-nan,-nan
8.399983,0.002606,-nan,-nan,-nan
8.409984,0.002606,-nan,-nan,-nan
8.419984,0.002606,-nan,-nan,-nan
8.429984,0.002606,-nan,-nan,-nan
8.439984,0.002606,-nan,-nan,-nan
8.449985,0.002606,-nan,-nan,-nan
8.459985,0.002606,-nan,-nan,-nan
8.469985,0.002606,-nan,-nan,-nan
8.479985,0.002606,-nan,-nan,-nan
8.489985,0.002606,-nan,-nan,-nan
8.499986,0.002606,-nan,-nan,-nan
8.509986,0.002606,-nan,-nan,-nan
8.519986,0.002606,-nan,-nan,-nan
8.529986,0.002606,-nan,-nan,-nan
8.539987,0.002606,-nan,-nan,-nan
8.549987,0.002606,-nan,-nan,-nan
8.559987,0.002606,-nan,-nan,-nan
8.569987,0.002606,-nan,-nan,-nan
8.579988,0.002606,-nan,-nan,-nan
8.589988,0.002606,-nan,-nan,-nan
8.599988,0.002606,-nan,-nan,-nan
8.609988,0.002606,-nan,-nan,-nan
8.619988,0.002606,-nan,-nan,-nan
8.629989,0.002606,-nan,-nan,-nan
8.639989,0.002606,-nan,-nan,-nan
8.649989,0.002606,-nan,-nan,-nan
8.659989,0.002606,-nan,-nan,-nan
8.669990,0.002606,-nan,-nan,-nan
8.679990,0.002606,-nan,-nan,-nan
8.689990,0.002606,-nan,-nan,-nan
8.699990,0.002606,-nan,-nan,-nan
8.709991,0.002606,-nan,-nan,-nan
8.719991,0.002606,-nan,-nan,-nan
8.729991,0.002606,-nan,-nan,-nan
8.739991,0.002606,-nan,-nan,-nan
8.749991,0.002606,-nan,-nan,-nan
8.759992,0.002606,-nan,-nan,-nan
8.769992,0.002606,-nan,-nan,-nan
8.779992,0.002606,-nan,-nan,-nan
8.789992,0.002606,-nan,-nan,-nan
8.799993,0.002606,-nan,-nan,-nan
8.809993,0.002606,-nan,-nan,-nan
8.819993,0.002606,-nan,-nan,-nan
8.829993,0.002606,-nan,-nan,-nan
8.839993,0.002606,-nan,-nan,-nan
8.849994,0.002606,-nan,-nan,-nan
8.859994,0.002606,-nan,-nan,-nan
8.869994,0.002606,-nan,-nan,-nan
8.879994,0.002606,-nan,-nan,-nan
8.889995,0.002606,-nan,-nan,-nan
8.899995,0.002606,-nan,-nan,-nan
8.909995,0.002606,-nan,-nan,-nan
8.919995,0.002606,-nan,-nan,-nan
8.929996,0.002606,-nan,-nan,-nan
8.939996,0.002606,-nan,-nan,-nan
8.949996,0.002606,-nan,-nan,-nan
8.959996,0.002606,-nan,-nan,-nan
8.969996,0.002606,-nan,-nan,-nan
8.979997,0.002606,-nan,-nan,-nan
8.989997,0.002606,-nan,-nan,-nan
8.999997,0.002606,-nan,-nan,-nan
9.009997,0.002606,-nan,-nan,-nan
9.019998,0.002606,-nan,-nan,-nan
9.029998,0.002606,-nan,-nan,-nan
9.039998,0.002606,-nan,-nan,-nan
9.049998,0.002606,-nan,-nan,-nan
9.059999,0.002606,-nan,-nan,-nan
9.069999,0.002606,-nan,-nan,-nan
9.079999,0.002606,-nan,-nan,-nan
9.089999,0.002606,-nan,-nan,-nan
9.099999,0.002606,-nan,-nan,-nan
9.110000,0.002606,-nan,-nan,-nan
9.120000,0.002606,-nan,-nan,-nan
9.130000,0.002606,-nan,-nan,-nan
9.140000,0.002606,-nan,-nan,-nan
9.150001,0.002606,-nan,-nan,-nan
9.160001,0.002606,-nan,-nan,-nan
9.170001,0.002606,-nan,-nan,-nan
9.180001,0.002606,-nan,-nan,-nan
9.190001,0.002606,-nan,-nan,-nan
9.200002,0.002606,-nan,-nan,-nan
9.210002,0.002606,-nan,-nan,-nan
9.220002,0.002606,-nan,-nan,-nan
9.230002,0.002606,-nan,-nan,-nan
9.240003,0.002606,-nan,-nan,-nan
9.250003,0.002606,-nan,-nan,-nan
9.260003,0.002606,-nan,-nan,-nan
9.270003,0.002606,-nan,-nan,-nan
9.280004,0.002606,-nan,-nan,-nan
9.290004,0.002606,-nan,-nan,-nan
9.300004,0.002606,-nan,-nan,-nan
9.310004,0.002606,-nan,-nan,-nan
9.320004,0.002606,-nan,-nan,-nan
9.330005,0.002606,-nan,-nan,-nan
9.340005,0.002606,-nan,-nan,-nan
9.350005,0.002606,-nan,-nan,-nan
9.360005,0.002606,-nan,-nan,-nan
9.370006,0.002606,-nan,-nan,-nan
9.380006,0.002606,-nan,-nan,-nan
9.390006,0.002606,-nan,-nan,-nan
9.400006,0.002606,-nan,-nan,-nan
9.410007,0.002606,-nan,-nan,-nan
9.420007,0.002606,-nan,-nan,-nan
9.430007,0.002606,-nan,-nan,-nan
9.440007,0.002606,-nan,-nan,-nan
9.450007,0.002606,-nan,-nan,-nan
9.460008,0.002606,-nan,-nan,-nan
9.470008,0.002606,-nan,-nan,-nan
9.480008,0.002606,-nan,-nan,-nan
9.490008,0.002606,-nan,-nan,-nan
9.500009,0.002606,-nan,-nan,-nan
9.510009,0.002606,-nan,-nan,-nan
9.520009,0.002606,-nan,-nan,-nan
9.530009,0.002606,-nan,-nan,-nan
9.540009,0.002606,-nan,-nan,-nan
9.550010,0.002606,-nan,-nan,-nan
9.560010,0.002606,-nan,-nan,-nan
9.570010,0.002606,-nan,-nan,-nan
9.580010,0.002606,-nan,-nan,-nan
9.590011,0.002606,-nan,-nan,-nan
9.600011,0.002606,-nan,-nan,-nan
9.610011,0.002606,-nan,-nan,-nan
9.620011,0.002606,-nan,-nan,-nan
9.630012,0.002606,-nan,-nan,-nan
9.640012,0.002606,-nan,-nan,-nan
9.650012,0.002606,-nan,-nan,-nan
9.660012,0.002606,-nan,-nan,-nan
9.670012,0.002606,-nan,-nan,-nan
9.680013,0.002606,-nan,-nan,-nan
9.690013,0.002606,-nan,-nan,-nan
9.700013,0.002606,-nan,-nan,-nan
9.710013,0.002606,-nan,-nan,-nan
9.720014,0.002606,-nan,-nan,-nan
9.730014,0.002606,-nan,-nan,-nan
9.740014,0.002606,-nan,-nan,-nan
9.750014,0.002606,-nan,-nan,-nan
9.760015,0.002606,-nan,-nan,-nan
9.770015,0.002606,-nan,-nan,-nan
9.780015,0.002606,-nan,-nan,-nan
9.790015,0.002606,-nan,-nan,-nan
9.800015,0.002606,-nan,-nan,-nan
9.810016,0.002606,-nan,-nan,-nan
9.820016,0.002606,-nan,-nan,-nan
9.830016,0.002606,-nan,-nan,-nan
9.840016,0.002606,-nan,-nan,-nan
9.850017,0.002606,-nan,-nan,-nan
9.860017,0.002606,-nan,-nan,-nan
9.870017,0.002606,-nan,-nan,-nan
9.880017,0.002606,-nan,-nan,-nan
9.890018,0.002606,-nan,-nan,-nan
9.900018,0.002606,-nan,-nan,-nan
9.910018,0.002606,-nan,-nan,-nan
9.920018,0.002606,-nan,-nan,-nan
9.930018,0.002606,-nan,-nan,-nan
9.940019,0.002606,-nan,-nan,-nan
9.950019,0.002606,-nan,-nan,-nan
9.960019,0.002606,-nan,-nan,-nan
9.970019,0.002606,-nan,-nan,-nan
9.980020,0.002606,-nan,-nan,-nan
9.990020,0.002606,-nan,-nan,-nan
